longitude,latitude,reconstruction_log_probability,hotspot,hotspot05
14.67765369,55.04932413,-11.70009708,1,0.5
14.57765369,54.94932413,-6.70912075,1,0.5
14.67765369,54.94932413,-7.291356087,1,0.5
12.87765369,55.54932413,-7.637990952,1,0.5
19.57765369,56.04932413,-5.366653442,1,0.5
14.27765369,54.74932413,-6.692636967,1,0.5
20.27765369,55.44932413,-5.309695244,1,0.5
10.77765369,54.44932413,-6.515417576,1,0.5
10.97765369,54.44932413,-5.34844017,1,0.5
16.67765369,54.94932413,-4.963919163,1,0.5
14.47765369,53.74932413,-6.343136311,1,0.5
18.17765369,56.14932413,-5.386368275,1,0.5
20.27765369,55.34932413,-5.183804035,1,0.5
20.17765369,55.34932413,-5.331917286,1,0.5
10.87765369,54.44932413,-6.69231081,1,0.5
20.37765369,55.34932413,-5.204932213,1,0.5
10.47765369,56.84932413,-5.279378414,1,0.5
10.57765369,56.74932413,-5.261166573,1,0.5
10.47765369,56.74932413,-5.351707458,1,0.5
20.37765369,55.24932413,-5.319690228,1,0.5
20.37765369,55.44932413,-5.316112041,1,0.5
20.47765369,55.34932413,-5.132621288,1,0.5
10.47765369,56.64932413,-5.457304478,1,0.5
16.77765369,54.94932413,-4.918308735,1,0.5
20.47765369,55.24932413,-5.153152466,1,0.5
12.57765369,55.24932413,-5.073403835,1,0.5
12.57765369,55.34932413,-5.139446735,1,0.5
12.27765369,55.14932413,-5.018531322,1,0.5
10.07765369,54.74932413,-5.68746233,1,0.5
20.47765369,55.44932413,-5.230474472,1,0.5
16.47765369,54.74932413,-7.421098232,1,0.5
20.57765369,55.04932413,-5.464349747,1,0.5
14.47765369,54.94932413,-5.216012001,1,0.5
10.87765369,55.24932413,-5.396706581,1,0.5
12.67765369,55.24932413,-5.247329235,1,0.5
12.87765369,55.14932413,-5.417546272,1,0.5
20.57765369,55.34932413,-5.160626888,1,0.5
11.87765369,57.24932413,-6.368791103,1,0.5
20.77765369,56.44932413,-6.530889511,1,0.5
12.07765369,54.54932413,-5.153623581,1,0.5
12.17765369,54.64932413,-5.077014923,1,0.5
11.87765369,54.44932413,-5.254110336,1,0.5
12.67765369,55.14932413,-5.243994236,1,0.5
12.47765369,55.54932413,-5.378027916,1,0.5
15.57765369,54.24932413,-5.626875877,1,0.5
12.67765369,55.04932413,-5.087174416,1,0.5
10.07765369,54.54932413,-6.959330082,1,0.5
11.77765369,54.44932413,-6.792679787,1,0.5
10.97765369,56.74932413,-5.279499054,1,0.5
10.07765369,54.64932413,-7.030920029,1,0.5
10.97765369,54.94932413,-7.385237217,1,0.5
11.07765369,55.04932413,-5.226075172,1,0.5
12.77765369,54.94932413,-5.426094532,1,0.5
20.97765369,55.74932413,-5.480362892,1,0.5
12.97765369,55.14932413,-5.440024853,1,0.5
11.57765369,57.34932413,-7.192743301,1,0.5
12.17765369,54.74932413,-5.099511623,1,0.5
20.87765369,55.34932413,-5.178456306,1,0.5
12.27765369,54.84932413,-5.195279121,1,0.5
10.37765369,56.14932413,-5.183404922,1,0.5
10.27765369,56.14932413,-5.288293839,1,0.5
12.57765369,55.04932413,-5.285854816,1,0.5
12.87765369,54.94932413,-5.566483974,1,0.5
11.27765369,54.04932413,-5.434020519,1,0.5
11.17765369,54.24932413,-7.163046837,1,0.5
12.57765369,54.94932413,-5.178863525,1,0.5
14.37765369,54.84932413,-5.193405151,1,0.5
20.67765369,55.24932413,-5.103051662,1,0.5
20.87765369,55.44932413,-6.389642715,1,0.5
18.07765369,55.04932413,-5.607174873,1,0.5
17.97765369,54.94932413,-5.368048668,1,0.5
11.07765369,54.94932413,-5.162757874,1,0.5
17.47765369,55.54932413,-7.70767498,1,0.5
10.07765369,55.64932413,-5.371228695,1,0.5
10.77765369,56.94932413,-5.107686043,1,0.5
20.97765369,55.84932413,-5.463283539,1,0.5
20.87765369,56.44932413,-6.811576843,1,0.5
11.67765369,56.94932413,-6.16693306,1,0.5
12.27765369,54.44932413,-5.202280045,1,0.5
20.37765369,55.94932413,-7.79394722,1,0.5
14.97765369,55.44932413,-9.094726563,1,0.5
11.07765369,55.24932413,-7.056034565,1,0.5
10.47765369,57.04932413,-5.284328461,1,0.5
9.677653694,55.44932413,-5.6358881,1,0.5
10.87765369,56.94932413,-5.306852818,1,0.5
20.87765369,56.34932413,-6.609074116,1,0.5
18.07765369,54.94932413,-5.500101089,1,0.5
10.77765369,55.44932413,-5.313439846,1,0.5
10.57765369,54.84932413,-5.637736797,1,0.5
11.07765369,55.44932413,-5.177521706,1,0.5
11.17765369,55.04932413,-5.074447632,1,0.5
20.97765369,55.94932413,-5.312330723,1,0.5
11.27765369,56.44932413,-5.472992897,1,0.5
14.47765369,54.74932413,-5.351926327,1,0.5
20.97765369,56.04932413,-5.3718009,1,0.5
11.87765369,56.44932413,-8.971028328,1,0.5
20.87765369,56.14932413,-5.236854076,1,0.5
20.67765369,56.24932413,-6.675786495,1,0.5
10.87765369,54.84932413,-7.20859623,1,0.5
20.67765369,55.94932413,-5.344640732,1,0.5
20.87765369,56.04932413,-5.28871727,1,0.5
20.77765369,56.24932413,-6.446577072,1,0.5
11.37765369,56.74932413,-4.965784073,1,0.5
20.77765369,56.14932413,-5.135239601,1,0.5
17.37765369,55.54932413,-7.649912834,1,0.5
10.97765369,54.84932413,-6.895139217,1,0.5
20.77765369,56.04932413,-5.252179623,1,0.5
11.57765369,56.54932413,-6.21111536,1,0.5
11.57765369,56.24932413,-5.432841301,1,0.5
11.47765369,56.64932413,-5.4714818,1,0.5
20.67765369,56.34932413,-6.688066483,1,0.5
18.17765369,54.84932413,-5.325407982,1,0.5
13.17765369,54.94932413,-5.353423595,1,0.5
11.47765369,54.54932413,-5.242333889,1,0.5
20.57765369,55.94932413,-7.991687775,1,0.5
11.87765369,56.74932413,-8.586398125,1,0.5
11.47765369,55.04932413,-5.097391129,1,0.5
11.57765369,54.94932413,-5.100013733,1,0.5
14.47765369,54.84932413,-7.11484623,1,0.5
14.37765369,54.74932413,-5.213652611,1,0.5
11.67765369,54.94932413,-5.082373142,1,0.5
11.67765369,55.04932413,-5.061462402,1,0.5
11.27765369,54.24932413,-6.9759655,1,0.5
11.17765369,56.44932413,-5.369539261,1,0.5
11.17765369,54.34932413,-7.20144558,1,0.5
10.87765369,55.84932413,-6.837306976,1,0.5
11.07765369,56.34932413,-5.69626379,1,0.5
20.47765369,55.94932413,-7.825343609,1,0.5
11.07765369,56.64932413,-5.189063549,1,0.5
10.97765369,54.54932413,-7.061822891,1,0.5
11.37765369,57.24932413,-7.211482048,1,0.5
11.87765369,56.24932413,-5.376548767,1,0.5
18.27765369,54.84932413,-5.141443253,1,0.5
20.57765369,56.04932413,-5.180672646,1,0.5
11.17765369,55.44932413,-5.04741478,1,0.5
11.27765369,57.04932413,-7.54338026,1,0.5
15.37765369,54.44932413,-5.96446085,1,0.5
11.27765369,54.64932413,-5.205524445,1,0.5
15.27765369,54.44932413,-8.079444885,1,0.5
15.17765369,54.44932413,-8.488176346,1,0.5
10.87765369,54.64932413,-6.013411045,1,0.5
10.87765369,54.74932413,-6.058460236,1,0.5
16.87765369,54.94932413,-5.121382713,1,0.5
11.77765369,56.24932413,-5.132665634,1,0.5
20.47765369,56.04932413,-7.459059715,1,0.5
16.67765369,55.24932413,-7.243494511,1,0.5
11.17765369,54.64932413,-5.446256638,1,0.5
10.97765369,55.54932413,-5.254054546,1,0.5
11.27765369,57.24932413,-5.530330181,1,0.5
14.57765369,55.24932413,-8.706130981,1,0.5
11.37765369,57.44932413,-8.600637436,1,0.5
16.17765369,54.54932413,-5.62612772,1,0.5
15.07765369,54.14932413,-5.700465679,1,0.5
14.47765369,55.24932413,-7.639435768,1,0.5
11.27765369,57.34932413,-6.589064121,1,0.5
14.67765369,55.34932413,-7.321367264,1,0.5
14.07765369,55.24932413,-5.653214455,1,0.5
14.87765369,55.24932413,-5.336488724,1,0.5
19.87765369,54.74932413,-5.354571819,1,0.5
17.97765369,55.04932413,-5.796038151,1,0.5
18.57765369,54.84932413,-7.122447014,1,0.5
17.77765369,55.64932413,-8.275604248,1,0.5
17.87765369,54.94932413,-5.620240688,1,0.5
17.97765369,55.14932413,-6.310027122,1,0.5
18.37765369,54.94932413,-5.78385067,1,0.5
17.77765369,54.94932413,-5.78703928,1,0.5
17.87765369,55.04932413,-6.087690353,1,0.5
16.77765369,56.44932413,-7.759272575,1,0.5
14.67765369,55.94932413,-6.768410206,1,0.5
17.87765369,55.14932413,-6.511326313,1,0.5
16.67765369,56.44932413,-6.897488117,1,0.5
15.77765369,55.64932413,-10.24489498,1,0.5
18.57765369,54.54932413,-6.09039259,1,0.5
17.77765369,55.14932413,-6.629161835,1,0.5
18.17765369,56.24932413,-5.289644241,1,0.5
17.67765369,55.14932413,-6.176868439,1,0.5
14.57765369,55.94932413,-6.854542732,1,0.5
16.07765369,54.74932413,-6.291287422,1,0.5
14.47765369,55.94932413,-6.77999115,1,0.5
15.67765369,55.74932413,-5.870604038,1,0.5
15.57765369,56.04932413,-6.869874001,1,0.5
15.87765369,56.04932413,-6.655649185,1,0.5
15.77765369,55.94932413,-7.772356033,1,0.5
15.77765369,55.84932413,-5.353356838,1,0.5
15.87765369,55.94932413,-6.769209385,1,0.5
16.67765369,56.34932413,-5.407316685,1,0.5
15.47765369,56.04932413,-6.860955238,1,0.5
15.97765369,56.04932413,-6.800208569,1,0.5
12.67765369,55.64932413,-8.751690865,1,0.5
16.37765369,55.94932413,-5.769609928,1,0.5
16.57765369,56.24932413,-5.087725163,1,0.5
16.47765369,56.14932413,-6.724856377,1,0.5
16.17765369,56.14932413,-6.855453014,1,0.5
16.07765369,56.24932413,-6.483681679,1,0.5
16.17765369,56.34932413,-4.984894753,1,0.5
14.17765369,54.34932413,-4.714747429,1,0.5
14.07765369,54.34932413,-4.953507423,1,0.5
14.17765369,54.44932413,-4.5744524,1,0.5
13.97765369,54.34932413,-4.892988205,1,0.5
14.27765369,54.54932413,-4.545845032,1,0.5
14.27765369,54.44932413,-4.429138184,1,0.5
14.07765369,54.24932413,-5.121376038,1,0.5
14.27765369,54.34932413,-4.484297276,1,0.5
14.17765369,54.24932413,-5.074987411,1,0.5
13.97765369,54.54932413,-4.848241806,1,0.5
13.97765369,54.24932413,-5.063885689,1,0.5
13.97765369,54.44932413,-4.960755348,1,0.5
14.07765369,54.44932413,-4.916011333,1,0.5
14.17765369,54.54932413,-4.573654175,1,0.5
13.97765369,54.04932413,-5.62562418,1,0.5
10.77765369,56.84932413,-5.697974205,1,0.5
16.57765369,54.74932413,-4.611140251,1,0.5
14.07765369,54.54932413,-4.676599979,1,0.5
20.57765369,55.64932413,-4.360916138,1,0.5
20.77765369,55.64932413,-5.124391556,1,0.5
20.87765369,55.64932413,-4.902942657,1,0.5
17.57765369,55.64932413,-5.627064228,1,0.5
17.37765369,55.64932413,-4.36177063,1,0.5
12.57765369,55.44932413,-5.378268719,1,0.5
20.47765369,56.34932413,-4.520269871,1,0.5
12.87765369,55.04932413,-5.298898697,1,0.5
14.77765369,54.84932413,-6.211266518,1,0.5
12.77765369,55.24932413,-6.042808056,1,0.5
14.27765369,54.64932413,-4.931249142,1,0.5
12.87765369,55.24932413,-5.10172987,1,0.5
13.87765369,54.54932413,-5.210706711,1,0.5
12.77765369,55.34932413,-4.958019257,1,0.5
20.67765369,54.94932413,-5.586819172,1,0.5
17.47765369,55.04932413,-5.57461977,1,0.5
14.67765369,54.84932413,-5.615433693,1,0.5
14.17765369,54.64932413,-4.675750732,1,0.5
20.27765369,55.14932413,-5.194716454,1,0.5
20.87765369,55.54932413,-4.643668652,1,0.5
16.67765369,54.74932413,-4.588523865,1,0.5
20.27765369,55.84932413,-6.073587418,1,0.5
20.97765369,55.54932413,-4.644143105,1,0.5
20.77765369,55.04932413,-4.930234909,1,0.5
10.57765369,54.44932413,-4.791212082,1,0.5
20.27765369,55.94932413,-5.546999931,1,0.5
14.57765369,54.74932413,-6.128540039,1,0.5
20.77765369,55.44932413,-4.663789272,1,0.5
10.97765369,56.94932413,-5.178836346,1,0.5
11.17765369,56.84932413,-5.371703625,1,0.5
10.97765369,56.84932413,-5.609048843,1,0.5
11.07765369,56.94932413,-5.297604561,1,0.5
11.17765369,56.94932413,-5.326442719,1,0.5
11.07765369,56.84932413,-5.246376991,1,0.5
10.17765369,54.54932413,-4.923865318,1,0.5
13.97765369,54.64932413,-4.847524643,1,0.5
20.87765369,55.04932413,-5.082094193,1,0.5
10.47765369,54.44932413,-4.511469364,1,0.5
12.57765369,54.84932413,-5.726712227,1,0.5
21.17765369,54.94932413,-4.988049507,1,0.5
16.37765369,54.64932413,-4.725801945,1,0.5
16.37765369,54.54932413,-4.845702171,1,0.5
21.07765369,55.04932413,-5.359981537,1,0.5
21.17765369,55.04932413,-5.335039139,1,0.5
21.17765369,55.14932413,-5.137818813,1,0.5
20.97765369,55.14932413,-5.167411327,1,0.5
21.07765369,55.14932413,-5.279746056,1,0.5
21.07765369,55.24932413,-5.266076088,1,0.5
20.97765369,56.44932413,-4.618961334,1,0.5
20.37765369,55.84932413,-5.758075237,1,0.5
11.17765369,54.14932413,-4.770750999,1,0.5
12.17765369,54.44932413,-4.997717381,1,0.5
11.17765369,56.34932413,-5.622311115,1,0.5
16.67765369,54.64932413,-4.62621212,1,0.5
14.27765369,54.84932413,-4.53674221,1,0.5
20.57765369,56.34932413,-4.574269772,1,0.5
16.47765369,54.64932413,-4.697430134,1,0.5
11.77765369,57.04932413,-4.788068295,1,0.5
20.47765369,55.84932413,-5.705315113,1,0.5
14.17765369,54.74932413,-4.56489706,1,0.5
13.87765369,54.64932413,-5.369410515,1,0.5
15.57765369,54.44932413,-4.527199745,1,0.5
20.17765369,55.14932413,-4.385776043,1,0.5
20.57765369,56.24932413,-4.524746895,1,0.5
15.67765369,54.44932413,-4.449980736,1,0.5
20.87765369,56.24932413,-4.594399452,1,0.5
11.27765369,56.14932413,-5.001914024,1,0.5
16.57765369,54.64932413,-4.631959915,1,0.5
11.37765369,56.24932413,-4.643330574,1,0.5
16.87765369,55.14932413,-5.510378361,1,0.5
16.87765369,55.24932413,-5.361362457,1,0.5
10.27765369,54.54932413,-4.590940475,1,0.5
14.07765369,54.64932413,-4.960390091,1,0.5
17.27765369,55.64932413,-4.384661198,1,0.5
13.07765369,55.04932413,-5.34073925,1,0.5
11.67765369,56.64932413,-4.742222786,1,0.5
17.57765369,55.54932413,-5.826591492,1,0.5
11.27765369,56.94932413,-5.336783409,1,0.5
12.47765369,54.64932413,-4.482945442,1,0.5
10.87765369,54.54932413,-6.279174328,1,0.5
11.57765369,56.34932413,-6.115669727,1,0.5
20.67765369,56.14932413,-5.571914196,1,0.5
11.67765369,56.44932413,-6.264613628,1,0.5
11.47765369,56.94932413,-5.466952324,1,0.5
11.37765369,56.44932413,-5.475909233,1,0.5
12.97765369,54.94932413,-5.768629551,1,0.5
12.57765369,56.64932413,-4.77156496,1,0.5
11.87765369,56.54932413,-7.048865318,1,0.5
16.77765369,54.74932413,-4.709402084,1,0.5
11.37765369,56.94932413,-5.390904903,1,0.5
20.47765369,56.24932413,-4.424108028,1,0.5
12.07765369,56.34932413,-4.610830784,1,0.5
16.97765369,55.14932413,-5.641060352,1,0.5
11.37765369,57.04932413,-5.295565128,1,0.5
12.57765369,54.64932413,-6.187725544,1,0.5
16.77765369,54.64932413,-4.684946537,1,0.5
15.47765369,55.14932413,-7.955863476,1,0.5
12.67765369,56.64932413,-6.865927696,1,0.5
16.77765369,55.14932413,-5.841047287,1,0.5
15.27765369,54.34932413,-6.162223816,1,0.5
15.17765369,54.34932413,-6.347329617,1,0.5
15.07765369,54.34932413,-6.225438118,1,0.5
17.17765369,55.54932413,-5.501313686,1,0.5
16.77765369,55.24932413,-5.164988041,1,0.5
16.87765369,55.44932413,-7.374862194,1,0.5
16.27765369,54.64932413,-4.903056145,1,0.5
20.67765369,56.44932413,-4.630691528,1,0.5
12.67765369,54.64932413,-5.651835918,1,0.5
20.37765369,56.04932413,-5.426340103,1,0.5
14.67765369,55.64932413,-5.791091442,1,0.5
11.37765369,57.34932413,-6.050158501,1,0.5
16.77765369,55.34932413,-5.148533821,1,0.5
16.67765369,55.34932413,-5.035793781,1,0.5
16.57765369,55.34932413,-5.001677513,1,0.5
16.77765369,55.44932413,-6.886809349,1,0.5
12.67765369,55.94932413,-4.907848358,1,0.5
17.27765369,55.94932413,-5.321609974,1,0.5
17.37765369,55.84932413,-5.561267376,1,0.5
16.57765369,55.24932413,-5.070265293,1,0.5
20.37765369,56.14932413,-5.367555618,1,0.5
20.27765369,56.04932413,-5.482280254,1,0.5
17.27765369,55.54932413,-5.432314396,1,0.5
16.47765369,55.24932413,-5.116063595,1,0.5
17.67765369,55.64932413,-5.751185894,1,0.5
15.07765369,54.24932413,-5.460614681,1,0.5
13.97765369,55.34932413,-4.720008373,1,0.5
17.47765369,55.74932413,-6.669085503,1,0.5
17.57765369,55.74932413,-5.383955002,1,0.5
17.37765369,55.74932413,-4.510178566,1,0.5
16.37765369,55.24932413,-7.416811943,1,0.5
15.37765369,55.14932413,-7.386050224,1,0.5
17.47765369,55.84932413,-5.479558945,1,0.5
17.27765369,55.04932413,-5.889247417,1,0.5
18.27765369,55.74932413,-4.411520958,1,0.5
16.97765369,55.04932413,-5.626764297,1,0.5
17.97765369,56.34932413,-5.279453278,1,0.5
18.07765369,56.24932413,-7.660887718,1,0.5
14.77765369,55.94932413,-4.599967957,1,0.5
15.27765369,54.94932413,-6.000645161,1,0.5
15.17765369,54.94932413,-5.813826561,1,0.5
17.27765369,55.84932413,-5.195064545,1,0.5
17.27765369,55.74932413,-4.517638206,1,0.5
14.87765369,55.94932413,-4.67756176,1,0.5
14.37765369,55.74932413,-5.005526543,1,0.5
14.27765369,55.74932413,-6.87532711,1,0.5
14.37765369,55.84932413,-4.551679611,1,0.5
17.37765369,55.04932413,-5.742789745,1,0.5
17.57765369,55.04932413,-5.622910976,1,0.5
19.67765369,54.64932413,-4.494065762,1,0.5
20.07765369,56.14932413,-5.59492445,1,0.5
15.27765369,55.14932413,-7.151455402,1,0.5
17.07765369,55.04932413,-5.75492239,1,0.5
17.77765369,55.04932413,-6.28687191,1,0.5
17.67765369,55.04932413,-5.979819775,1,0.5
15.27765369,55.24932413,-7.100120068,1,0.5
16.97765369,55.24932413,-5.493331432,1,0.5
17.17765369,55.94932413,-5.313417435,1,0.5
17.17765369,55.64932413,-7.001785278,1,0.5
18.67765369,54.84932413,-7.103411198,1,0.5
17.17765369,55.74932413,-4.617025852,1,0.5
17.07765369,55.24932413,-5.807218552,1,0.5
17.07765369,55.44932413,-5.212605,1,0.5
15.07765369,54.44932413,-6.089619637,1,0.5
17.17765369,55.24932413,-4.690359592,1,0.5
14.57765369,55.84932413,-4.608997822,1,0.5
17.07765369,55.64932413,-5.607439041,1,0.5
16.67765369,55.94932413,-5.669241905,1,0.5
17.07765369,56.04932413,-5.120896339,1,0.5
14.97765369,56.04932413,-4.816570759,1,0.5
13.07765369,55.14932413,-4.695391655,1,0.5
18.07765369,56.34932413,-5.528570175,1,0.5
15.67765369,55.94932413,-4.47808218,1,0.5
17.07765369,55.94932413,-5.279978275,1,0.5
18.67765369,54.74932413,-4.453156948,1,0.5
12.97765369,55.34932413,-5.223041534,1,0.5
14.47765369,55.84932413,-4.493902206,1,0.5
15.77765369,56.04932413,-4.355503082,1,0.5
16.97765369,56.04932413,-7.584789276,1,0.5
16.57765369,55.74932413,-6.001271248,1,0.5
12.67765369,55.44932413,-6.008559704,1,0.5
16.87765369,56.14932413,-5.559841633,1,0.5
16.87765369,55.94932413,-5.543889999,1,0.5
12.47765369,56.14932413,-5.366705894,1,0.5
15.37765369,56.04932413,-4.999447823,1,0.5
16.87765369,56.04932413,-7.706752777,1,0.5
15.97765369,55.94932413,-4.718259335,1,0.5
16.77765369,55.94932413,-5.483474731,1,0.5
15.27765369,56.04932413,-4.778985023,1,0.5
16.77765369,56.14932413,-6.049276352,1,0.5
16.07765369,56.04932413,-4.562990189,1,0.5
12.77765369,55.54932413,-9.026124001,1,0.5
12.87765369,55.64932413,-5.566108704,1,0.5
12.67765369,55.74932413,-8.001004219,1,0.5
16.57765369,55.94932413,-4.333512783,1,0.5
16.07765369,56.14932413,-4.491643429,1,0.5
16.27765369,56.04932413,-4.554542542,1,0.5
16.27765369,56.14932413,-4.684516907,1,0.5
16.17765369,56.24932413,-4.502031803,1,0.5
16.27765369,56.24932413,-4.467133522,1,0.5
16.17765369,55.54932413,-6.131108284,1,0.5
16.17765369,55.34932413,-7.712508202,1,0.5
19.27765369,56.34932413,-6.494511127,1,0.5
20.47765369,56.44932413,-4.634341717,1,0.5
14.77765369,55.64932413,-5.374459743,1,0.5
14.77765369,55.84932413,-4.704491615,1,0.5
19.17765369,55.34932413,-4.400888443,1,0.5
15.27765369,54.84932413,-6.990522861,1,0.5
18.27765369,56.14932413,-5.718485355,1,0.5
16.17765369,55.44932413,-7.844135284,1,0.5
16.27765369,55.34932413,-7.635513306,1,0.5
16.27765369,55.44932413,-10.00517941,1,0.5
14.67765369,54.74932413,-6.398943901,1,0.5
15.07765369,55.34932413,-5.953526974,1,0.5
16.17765369,55.24932413,-7.633331299,1,0.5
14.87765369,54.84932413,-6.460057259,1,0.5
14.77765369,54.74932413,-6.291394711,1,0.5
14.17765369,55.14932413,-4.40534544,1,0.5
13.97765369,55.14932413,-6.665691853,1,0.5
11.67765369,54.44932413,-4.870051861,1,0.5
12.37765369,56.84932413,-6.951856613,1,0.5
11.57765369,57.44932413,-4.882789135,1,0.5
16.07765369,55.44932413,-8.120441437,1,0.5
16.27765369,55.54932413,-5.958623886,1,0.5
16.37765369,55.34932413,-7.214820385,1,0.5
20.77765369,56.34932413,-4.440377712,1,0.5
15.07765369,55.74932413,-5.014451981,1,0.5
15.37765369,54.94932413,-6.921987534,1,0.5
12.57765369,56.74932413,-4.609102249,1,0.5
14.67765369,55.74932413,-4.919783115,1,0.5
14.77765369,55.74932413,-5.001001835,1,0.5
14.87765369,55.74932413,-5.014554977,1,0.5
15.47765369,54.94932413,-7.090372562,1,0.5
15.57765369,55.04932413,-8.345380783,1,0.5
11.27765369,54.54932413,-8.321502686,1,0.5
20.57765369,56.44932413,-4.685838223,1,0.5
16.97765369,55.34932413,-5.40760994,1,0.5
14.37765369,55.24932413,-4.889372826,1,0.5
14.97765369,55.74932413,-4.901365757,1,0.5
15.97765369,55.44932413,-8.084946632,1,0.5
16.67765369,55.14932413,-6.039743423,1,0.5
14.07765369,55.14932413,-6.754939079,1,0.5
15.57765369,55.14932413,-7.75948,1,0.5
15.87765369,55.44932413,-8.359030724,1,0.5
14.67765369,55.84932413,-4.785559654,1,0.5
14.87765369,55.64932413,-5.298663616,1,0.5
14.87765369,55.84932413,-4.776910305,1,0.5
16.27765369,55.24932413,-8.241520882,1,0.5
19.67765369,56.14932413,-4.750689507,1,0.5
19.47765369,56.04932413,-5.375263214,1,0.5
16.47765369,55.34932413,-7.131091118,1,0.5
16.47765369,55.74932413,-6.185557842,1,0.5
14.47765369,55.34932413,-4.82034111,1,0.5
16.67765369,55.44932413,-6.851901531,1,0.5
16.57765369,55.44932413,-7.266569614,1,0.5
16.57765369,55.54932413,-5.873407841,1,0.5
15.67765369,55.04932413,-8.033819199,1,0.5
15.27765369,54.54932413,-6.602436543,1,0.5
16.47765369,55.14932413,-5.240540504,1,0.5
16.27765369,55.14932413,-8.019010544,1,0.5
20.27765369,56.14932413,-5.330465794,1,0.5
15.37765369,54.84932413,-7.01671648,1,0.5
16.47765369,55.04932413,-5.978927135,1,0.5
16.37765369,55.14932413,-5.531748772,1,0.5
11.57765369,54.44932413,-6.593676567,1,0.5
17.77765369,56.34932413,-5.574129581,1,0.5
17.97765369,56.24932413,-7.830397606,1,0.5
17.87765369,56.24932413,-5.799016953,1,0.5
17.87765369,56.34932413,-5.341362476,1,0.5
15.37765369,55.74932413,-4.917658806,1,0.5
19.77765369,56.14932413,-4.766228676,1,0.5
20.17765369,56.14932413,-5.49744606,1,0.5
16.87765369,55.34932413,-7.326068401,1,0.5
19.27765369,56.44932413,-7.415280342,1,0.5
17.27765369,55.34932413,-4.460109234,1,0.5
17.87765369,55.54932413,-5.201955318,1,0.5
17.97765369,55.44932413,-5.271102428,1,0.5
14.87765369,56.04932413,-4.785056114,1,0.5
18.47765369,55.94932413,-4.517684937,1,0.5
18.47765369,55.84932413,-4.504404068,1,0.5
17.67765369,55.44932413,-4.608411789,1,0.5
15.37765369,55.84932413,-5.047363758,1,0.5
19.37765369,55.94932413,-5.5974226,1,0.5
19.87765369,56.14932413,-4.793997765,1,0.5
15.07765369,54.84932413,-6.367166519,1,0.5
17.77765369,55.54932413,-4.691263199,1,0.5
17.37765369,55.34932413,-4.69081831,1,0.5
19.17765369,56.34932413,-4.622238636,1,0.5
15.47765369,55.74932413,-5.066961765,1,0.5
19.17765369,56.44932413,-7.066555977,1,0.5
17.87765369,55.24932413,-4.75052166,1,0.5
15.57765369,55.74932413,-5.589048862,1,0.5
15.87765369,55.64932413,-8.864946365,1,0.5
14.57765369,55.54932413,-4.499789238,1,0.5
15.17765369,54.74932413,-4.468923092,1,0.5
17.77765369,55.44932413,-5.314445972,1,0.5
15.07765369,54.74932413,-4.533259392,1,0.5
17.27765369,55.14932413,-4.482350349,1,0.5
15.27765369,55.64932413,-6.719754219,1,0.5
15.17765369,54.84932413,-6.926234245,1,0.5
14.97765369,55.84932413,-4.836411476,1,0.5
16.97765369,55.44932413,-5.149974823,1,0.5
17.47765369,55.34932413,-4.969565868,1,0.5
15.17765369,54.54932413,-6.265872002,1,0.5
17.87765369,56.14932413,-5.783277988,1,0.5
15.97765369,54.94932413,-6.815009117,1,0.5
14.97765369,55.94932413,-6.914323807,1,0.5
17.77765369,56.14932413,-5.826595783,1,0.5
15.57765369,55.84932413,-4.761723995,1,0.5
14.57765369,55.64932413,-6.002857685,1,0.5
19.07765369,56.24932413,-6.615383148,1,0.5
17.67765369,55.94932413,-4.485328197,1,0.5
15.07765369,54.54932413,-6.087574959,1,0.5
14.57765369,55.74932413,-5.011718273,1,0.5
15.17765369,55.24932413,-5.495278358,1,0.5
15.87765369,55.74932413,-4.922719955,1,0.5
15.27765369,55.74932413,-5.088807106,1,0.5
15.17765369,55.74932413,-5.085879803,1,0.5
18.97765369,56.24932413,-6.652621269,1,0.5
15.47765369,55.84932413,-4.941549301,1,0.5
14.47765369,55.74932413,-4.888658047,1,0.5
15.07765369,55.84932413,-4.92496109,1,0.5
15.07765369,55.94932413,-4.875696182,1,0.5
17.07765369,55.34932413,-5.473144531,1,0.5
15.07765369,56.04932413,-4.733187675,1,0.5
15.57765369,55.94932413,-4.734544754,1,0.5
18.87765369,56.14932413,-6.533893108,1,0.5
15.47765369,55.94932413,-4.678122997,1,0.5
15.17765369,55.84932413,-5.310214043,1,0.5
15.27765369,55.94932413,-4.74463129,1,0.5
16.07765369,54.84932413,-6.902298927,1,0.5
15.17765369,56.04932413,-4.647367477,1,0.5
14.47765369,55.64932413,-5.449541569,1,0.5
15.27765369,55.84932413,-5.187722206,1,0.5
15.17765369,55.94932413,-4.744244576,1,0.5
15.37765369,55.94932413,-5.08224678,1,0.5
18.57765369,56.24932413,-4.467551231,1,0.5
15.97765369,55.84932413,-4.331174374,1,0.5
16.17765369,55.84932413,-4.472748756,1,0.5
16.27765369,55.84932413,-4.332515717,1,0.5
16.27765369,55.94932413,-4.582345486,1,0.5
16.17765369,56.04932413,-4.641654015,1,0.5
16.17765369,55.64932413,-6.246864796,1,0.5
15.77765369,55.04932413,-8.045425415,1,0.5
15.57765369,54.84932413,-6.645210266,1,0.5
19.37765369,56.44932413,-5.0309062,1,0.5
19.47765369,56.34932413,-6.223144054,1,0.5
19.37765369,56.34932413,-6.518185139,1,0.5
19.47765369,56.44932413,-4.916545868,1,0.5
19.37765369,56.24932413,-6.442502975,1,0.5
19.57765369,56.44932413,-4.978776455,1,0.5
18.97765369,54.94932413,-4.413136482,1,0.5
19.47765369,56.14932413,-5.879376888,1,0.5
20.07765369,55.64932413,-4.334143639,1,0.5
18.97765369,55.34932413,-6.177191257,1,0.5
19.57765369,56.24932413,-6.003016472,1,0.5
19.07765369,54.64932413,-4.755865574,1,0.5
19.07765369,54.84932413,-4.551716328,1,0.5
19.47765369,56.24932413,-6.334363461,1,0.5
19.97765369,55.64932413,-4.426139355,1,0.5
19.87765369,55.64932413,-4.435236931,1,0.5
19.27765369,55.24932413,-4.405244827,1,0.5
18.97765369,54.44932413,-5.392052174,1,0.5
19.57765369,56.14932413,-5.528563499,1,0.5
18.87765369,54.54932413,-6.155712605,1,0.5
15.77765369,55.24932413,-8.005580902,1,0.5
18.37765369,56.14932413,-5.941726208,1,0.5
18.37765369,55.94932413,-4.379189491,1,0.5
18.47765369,56.14932413,-6.903105736,1,0.5
18.47765369,56.04932413,-4.609409809,1,0.5
10.17765369,54.84932413,-6.050911903,1,0.5
15.87765369,55.14932413,-8.089319229,1,0.5
11.67765369,54.24932413,-5.2068367,1,0.5
19.07765369,54.74932413,-4.710425854,1,0.5
16.07765369,55.54932413,-6.252486706,1,0.5
12.77765369,55.04932413,-5.73687315,1,0.5
11.77765369,54.34932413,-4.73608017,1,0.5
16.07765369,55.14932413,-8.041475296,1,0.5
19.67765369,56.24932413,-5.710574627,1,0.5
19.77765369,56.34932413,-5.998117447,1,0.5
19.67765369,56.44932413,-4.607607365,1,0.5
14.87765369,55.34932413,-5.786534309,1,0.5
14.97765369,55.34932413,-5.905636311,1,0.5
13.87765369,54.94932413,-5.952511311,1,0.5
12.77765369,55.14932413,-5.397305489,1,0.5
10.37765369,54.74932413,-4.83808136,1,0.5
15.97765369,55.14932413,-7.924871445,1,0.5
14.47765369,55.14932413,-5.780847073,1,0.5
9.877653694,55.14932413,-5.518125534,1,0.5
20.97765369,55.64932413,-4.76107502,1,0.5
20.77765369,55.54932413,-5.069256306,1,0.5
11.67765369,57.34932413,-4.556606293,1,0.5
10.67765369,54.44932413,-4.706365585,1,0.5
11.27765369,56.84932413,-5.351459026,1,0.5
20.87765369,54.94932413,-5.335794449,1,0.5
10.17765369,54.74932413,-5.333852291,1,0.5
11.97765369,57.24932413,-4.688380718,1,0.5
11.87765369,57.14932413,-8.011297226,1,0.5
12.17765369,57.04932413,-4.556545734,1,0.5
20.97765369,54.94932413,-5.398633957,1,0.5
10.27765369,54.44932413,-4.676801205,1,0.5
15.97765369,55.24932413,-8.08278656,1,0.5
11.97765369,57.14932413,-4.861073494,1,0.5
14.37765369,55.04932413,-5.776219368,1,0.5
21.07765369,54.94932413,-5.286784172,1,0.5
20.97765369,55.04932413,-5.17497015,1,0.5
10.27765369,54.64932413,-4.725351334,1,0.5
14.07765369,54.94932413,-4.946764469,1,0.5
11.57765369,57.14932413,-4.746924877,1,0.5
12.07765369,57.04932413,-4.835132599,1,0.5
21.17765369,55.24932413,-5.323408604,1,0.5
11.67765369,57.04932413,-6.471337318,1,0.5
13.97765369,54.94932413,-5.497770309,1,0.5
14.37765369,55.14932413,-5.292796135,1,0.5
12.17765369,56.84932413,-4.545157433,1,0.5
19.17765369,54.74932413,-4.531160355,1,0.5
10.37765369,56.04932413,-5.54645443,1,0.5
14.17765369,55.04932413,-5.636846542,1,0.5
11.67765369,54.34932413,-4.905711651,1,0.5
14.27765369,54.94932413,-7.155753136,1,0.5
10.17765369,54.64932413,-4.823490143,1,0.5
10.47765369,56.04932413,-6.182258129,1,0.5
14.07765369,55.04932413,-5.791848183,1,0.5
15.27765369,55.54932413,-6.899311543,1,0.5
10.27765369,54.74932413,-4.963023663,1,0.5
12.17765369,56.94932413,-5.602233887,1,0.5
14.17765369,54.94932413,-7.162938118,1,0.5
14.17765369,54.84932413,-6.902796745,1,0.5
14.27765369,55.04932413,-4.947904587,1,0.5
13.97765369,54.84932413,-4.968212605,1,0.5
16.07765369,55.24932413,-8.084210396,1,0.5
10.47765369,54.64932413,-4.604214668,1,0.5
15.97765369,55.04932413,-8.446671486,1,0.5
13.87765369,54.74932413,-4.988355637,1,0.5
11.97765369,56.34932413,-4.815895557,1,0.5
11.97765369,57.04932413,-4.894880295,1,0.5
15.47765369,55.54932413,-6.12834549,1,0.5
11.77765369,56.94932413,-5.123877525,1,0.5
19.27765369,55.04932413,-4.408468723,1,0.5
12.07765369,56.94932413,-4.861862659,1,0.5
15.57765369,55.54932413,-5.975766659,1,0.5
15.57765369,55.44932413,-8.129162788,1,0.5
14.07765369,54.84932413,-7.152618408,1,0.5
13.97765369,54.74932413,-5.201083183,1,0.5
11.57765369,57.24932413,-5.586315632,1,0.5
12.27765369,56.84932413,-8.305240631,1,0.5
11.97765369,56.74932413,-4.353584766,1,0.5
11.77765369,56.74932413,-4.495506287,1,0.5
13.07765369,54.84932413,-5.13692522,1,0.5
15.07765369,55.44932413,-6.24829483,1,0.5
13.57765369,54.74932413,-5.468049049,1,0.5
13.87765369,54.84932413,-7.359600067,1,0.5
15.27765369,55.34932413,-7.672159195,1,0.5
12.37765369,56.74932413,-6.525430679,1,0.5
13.57765369,54.84932413,-5.485805988,1,0.5
14.07765369,54.74932413,-4.888655663,1,0.5
13.87765369,55.04932413,-5.365556717,1,0.5
12.27765369,56.74932413,-6.950126171,1,0.5
11.37765369,57.54932413,-5.502173901,1,0.5
11.17765369,57.54932413,-7.191718102,1,0.5
11.47765369,57.24932413,-4.740993977,1,0.5
13.27765369,54.84932413,-4.973622322,1,0.5
13.47765369,55.04932413,-7.262749672,1,0.5
13.57765369,54.94932413,-4.927394867,1,0.5
10.47765369,54.74932413,-4.951843262,1,0.5
11.87765369,56.64932413,-4.518425941,1,0.5
12.07765369,56.84932413,-4.724597454,1,0.5
15.17765369,55.54932413,-6.350848675,1,0.5
10.37765369,54.54932413,-4.534069538,1,0.5
13.77765369,54.84932413,-5.881839752,1,0.5
12.07765369,56.64932413,-5.405140877,1,0.5
11.67765369,56.54932413,-5.3711133,1,0.5
12.37765369,56.64932413,-6.581033707,1,0.5
12.07765369,56.74932413,-4.5688591,1,0.5
11.77765369,56.64932413,-5.283782482,1,0.5
11.47765369,54.44932413,-5.931137085,1,0.5
11.07765369,55.14932413,-5.333425522,1,0.5
13.77765369,54.94932413,-5.031888485,1,0.5
11.57765369,56.44932413,-4.944647789,1,0.5
11.77765369,56.44932413,-7.01416111,1,0.5
13.47765369,54.84932413,-5.465134621,1,0.5
10.57765369,54.54932413,-5.017932892,1,0.5
11.67765369,56.34932413,-5.582823277,1,0.5
11.47765369,54.24932413,-5.011816978,1,0.5
12.17765369,56.74932413,-5.012322426,1,0.5
19.17765369,54.54932413,-6.097208977,1,0.5
13.17765369,54.84932413,-5.298679352,1,0.5
15.97765369,55.54932413,-6.538465977,1,0.5
11.77765369,56.54932413,-4.759935379,1,0.5
19.17765369,54.64932413,-5.986805439,1,0.5
19.17765369,54.84932413,-4.464913845,1,0.5
10.77765369,54.54932413,-5.589947701,1,0.5
13.67765369,54.74932413,-5.192501068,1,0.5
13.37765369,54.84932413,-5.90625,1,0.5
13.77765369,55.04932413,-4.998334408,1,0.5
10.47765369,54.54932413,-4.604501247,1,0.5
13.87765369,55.14932413,-6.466454029,1,0.5
11.77765369,56.84932413,-5.893726349,1,0.5
15.07765369,55.54932413,-6.957631111,1,0.5
12.17765369,56.64932413,-4.938640118,1,0.5
18.97765369,54.64932413,-5.294183254,1,0.5
15.87765369,55.24932413,-8.107933044,1,0.5
13.77765369,55.14932413,-6.324678898,1,0.5
12.07765369,56.24932413,-4.521038055,1,0.5
11.97765369,56.44932413,-5.541592598,1,0.5
14.87765369,55.54932413,-6.272515297,1,0.5
13.67765369,54.84932413,-5.935689449,1,0.5
15.97765369,55.34932413,-8.180171967,1,0.5
15.77765369,55.14932413,-8.112691879,1,0.5
14.97765369,55.64932413,-5.505125999,1,0.5
10.57765369,54.64932413,-4.726890564,1,0.5
11.47765369,57.54932413,-5.268356323,1,0.5
15.57765369,55.24932413,-8.183854103,1,0.5
11.47765369,57.44932413,-6.183265686,1,0.5
15.67765369,55.44932413,-7.947784901,1,0.5
13.57765369,55.04932413,-5.010138035,1,0.5
13.27765369,55.04932413,-4.836520195,1,0.5
15.27765369,55.04932413,-7.642583847,1,0.5
14.97765369,55.54932413,-7.585275173,1,0.5
11.97765369,56.84932413,-7.474484444,1,0.5
15.57765369,54.94932413,-6.573130131,1,0.5
19.07765369,54.94932413,-4.478056431,1,0.5
16.27765369,55.64932413,-6.401377201,1,0.5
13.67765369,55.04932413,-5.013282299,1,0.5
10.67765369,54.54932413,-6.239608288,1,0.5
13.97765369,55.04932413,-5.244174957,1,0.5
11.47765369,57.34932413,-6.312057018,1,0.5
15.87765369,55.34932413,-8.420612335,1,0.5
11.27765369,57.54932413,-4.537848473,1,0.5
11.37765369,54.34932413,-4.914254189,1,0.5
11.27765369,54.34932413,-4.873711586,1,0.5
15.27765369,55.44932413,-7.547172546,1,0.5
19.37765369,55.04932413,-4.555765152,1,0.5
15.37765369,55.04932413,-7.603388309,1,0.5
13.57765369,55.14932413,-6.106556416,1,0.5
15.67765369,55.14932413,-8.109068871,1,0.5
15.67765369,54.94932413,-6.538053036,1,0.5
10.37765369,54.64932413,-4.647654057,1,0.5
13.67765369,55.14932413,-6.288365841,1,0.5
15.47765369,55.04932413,-8.245463371,1,0.5
19.17765369,54.94932413,-4.356884956,1,0.5
16.07765369,55.34932413,-8.078734398,1,0.5
15.47765369,54.84932413,-6.899073601,1,0.5
10.77765369,57.64932413,-4.506203651,1,0.5
19.37765369,55.14932413,-4.389012337,1,0.5
15.77765369,55.34932413,-8.362830162,1,0.5
15.37765369,55.44932413,-7.515014172,1,0.5
16.37765369,55.44932413,-10.36176109,1,0.5
16.37765369,55.54932413,-6.392064095,1,0.5
14.77765369,55.44932413,-6.321042538,1,0.5
15.37765369,55.54932413,-6.507665634,1,0.5
15.67765369,55.34932413,-8.139138222,1,0.5
15.47765369,55.44932413,-7.499685287,1,0.5
15.57765369,55.34932413,-8.171461105,1,0.5
14.87765369,55.44932413,-6.723864555,1,0.5
19.37765369,55.24932413,-4.396373272,1,0.5
16.47765369,55.44932413,-7.43039608,1,0.5
19.47765369,55.04932413,-4.492742538,1,0.5
16.47765369,55.54932413,-6.088274002,1,0.5
16.37765369,55.64932413,-5.957544327,1,0.5
16.97765369,56.44932413,-5.96723938,1,0.5
19.77765369,55.54932413,-4.345416546,1,0.5
14.67765369,55.44932413,-5.229160309,1,0.5
18.87765369,54.64932413,-5.634792328,1,0.5
10.77765369,55.64932413,-5.553677559,1,0.5
19.27765369,54.94932413,-4.515595913,1,0.5
15.47765369,55.34932413,-7.648188591,1,0.5
19.37765369,56.14932413,-6.170604229,1,0.5
16.17765369,55.14932413,-7.896969795,1,0.5
16.47765369,55.64932413,-6.180243492,1,0.5
15.47765369,55.64932413,-6.180380821,1,0.5
19.47765369,55.14932413,-4.34198761,1,0.5
18.97765369,54.84932413,-4.805457115,1,0.5
18.97765369,54.74932413,-5.510532379,1,0.5
19.77765369,55.44932413,-4.44724369,1,0.5
19.57765369,55.04932413,-4.715729713,1,0.5
19.37765369,55.34932413,-4.425091743,1,0.5
15.47765369,54.74932413,-6.420731544,1,0.5
17.07765369,56.44932413,-5.688381195,1,0.5
15.67765369,55.24932413,-8.205915451,1,0.5
15.67765369,54.84932413,-6.592121601,1,0.5
19.57765369,54.94932413,-5.051139832,1,0.5
18.97765369,54.54932413,-5.136599064,1,0.5
19.67765369,54.94932413,-4.917275906,1,0.5
19.37765369,54.94932413,-4.610147476,1,0.5
19.67765369,55.04932413,-4.682517052,1,0.5
19.77765369,55.14932413,-4.393537998,1,0.5
15.47765369,54.64932413,-4.413899422,1,0.5
19.57765369,55.14932413,-4.522474289,1,0.5
19.47765369,54.94932413,-4.818476677,1,0.5
15.37765369,55.34932413,-7.296278,1,0.5
15.47765369,55.24932413,-7.91680479,1,0.5
15.37765369,54.74932413,-6.374295235,1,0.5
19.67765369,55.14932413,-4.439050674,1,0.5
15.17765369,55.44932413,-6.234039307,1,0.5
19.67765369,54.84932413,-4.586885452,1,0.5
19.67765369,55.24932413,-4.47232914,1,0.5
19.57765369,55.24932413,-4.398510933,1,0.5
11.77765369,54.24932413,-5.738572598,1,0.5
15.37765369,55.64932413,-6.351025105,1,0.5
18.37765369,55.74932413,-4.611212254,1,0.5
19.67765369,55.34932413,-4.344569206,1,0.5
18.67765369,55.14932413,-4.500174522,1,0.5
18.87765369,54.94932413,-4.598118305,1,0.5
16.17765369,55.04932413,-7.884378433,1,0.5
18.37765369,55.84932413,-4.537112713,1,0.5
15.77765369,55.44932413,-8.036685944,1,0.5
15.67765369,55.54932413,-6.222537518,1,0.5
18.77765369,55.04932413,-4.594992161,1,0.5
16.87765369,56.44932413,-5.639920235,1,0.5
19.27765369,56.24932413,-8.497580528,1,0.5
11.57765369,54.34932413,-4.917084694,1,0.5
15.37765369,54.64932413,-4.506917,1,0.5
19.57765369,54.84932413,-5.526248932,1,0.5
11.47765369,54.34932413,-5.125202179,1,0.5
15.57765369,54.74932413,-4.374329567,1,0.5
16.27765369,55.04932413,-4.553667068,1,0.5
15.77765369,55.54932413,-6.289651871,1,0.5
16.27765369,54.94932413,-6.143298626,1,0.5
19.37765369,56.04932413,-5.714776516,1,0.5
16.57765369,55.64932413,-6.053907871,1,0.5
19.67765369,54.74932413,-4.439313889,1,0.5
15.87765369,55.04932413,-7.943944931,1,0.5
11.37765369,54.24932413,-4.820565701,1,0.5
15.67765369,55.64932413,-6.00938797,1,0.5
19.37765369,54.54932413,-5.90229845,1,0.5
19.57765369,54.54932413,-4.730828762,1,0.5
19.47765369,54.64932413,-5.124511719,1,0.5
19.37765369,54.74932413,-5.218697071,1,0.5
15.37765369,55.24932413,-7.36962986,1,0.5
10.67765369,57.64932413,-4.395792007,1,0.5
17.97765369,55.34932413,-4.630923748,1,0.5
15.17765369,55.34932413,-5.781909466,1,0.5
18.87765369,54.84932413,-5.505580902,1,0.5
18.77765369,54.74932413,-8.419608116,1,0.5
16.17765369,54.94932413,-6.174781799,1,0.5
19.47765369,54.84932413,-4.959162712,1,0.5
19.77765369,56.44932413,-4.337015629,1,0.5
15.57765369,55.64932413,-7.767177582,1,0.5
19.57765369,54.74932413,-6.376831055,1,0.5
15.27765369,54.74932413,-4.36782074,1,0.5
15.77765369,54.94932413,-6.681907654,1,0.5
19.27765369,56.14932413,-6.232274055,1,0.5
19.97765369,56.14932413,-5.727052212,1,0.5
19.37765369,54.84932413,-4.830123901,1,0.5
18.47765369,55.04932413,-4.658185005,1,0.5
19.27765369,54.84932413,-4.666775227,1,0.5
15.67765369,54.74932413,-4.512051582,1,0.5
18.87765369,54.74932413,-7.196955204,1,0.5
18.57765369,55.04932413,-4.816637993,1,0.5
18.77765369,54.94932413,-4.921667576,1,0.5
15.87765369,55.54932413,-6.416180611,1,0.5
15.87765369,54.94932413,-6.705622196,1,0.5
19.57765369,54.64932413,-6.522029877,1,0.5
13.37765369,55.04932413,-4.968287945,1,0.5
17.27765369,55.24932413,-4.935271263,1,0.5
13.47765369,55.14932413,-5.872332573,1,0.5
19.27765369,56.04932413,-6.039415359,1,0.5
10.97765369,57.64932413,-7.038525581,1,0.5
18.67765369,54.94932413,-5.712763309,1,0.5
10.87765369,57.64932413,-7.003657818,1,0.5
18.67765369,55.04932413,-4.970426083,1,0.5
18.57765369,54.94932413,-5.814104557,1,0.5
18.57765369,55.14932413,-5.216182709,1,0.5
18.77765369,54.84932413,-7.589040279,1,0.5
15.77765369,54.84932413,-6.972936153,1,0.5
11.07765369,57.54932413,-6.825491905,1,0.5
19.47765369,54.74932413,-5.203889847,1,0.5
19.17765369,56.24932413,-6.551633358,1,0.5
16.07765369,55.04932413,-8.233980179,1,0.5
14.97765369,54.64932413,-4.399627686,1,0.5
17.87765369,55.44932413,-5.128788948,1,0.5
17.87765369,55.34932413,-5.029840469,1,0.5
17.77765369,55.24932413,-4.929915905,1,0.5
17.77765369,55.34932413,-5.209260464,1,0.5
17.67765369,55.34932413,-5.371114254,1,0.5
17.67765369,55.24932413,-4.734280109,1,0.5
19.27765369,55.94932413,-5.718696594,1,0.5
19.17765369,56.14932413,-7.786662102,1,0.5
19.07765369,56.44932413,-7.162755489,1,0.5
12.37765369,56.24932413,-4.647984505,1,0.5
13.17765369,55.14932413,-5.570281982,1,0.5
19.07765369,56.34932413,-4.70024395,1,0.5
18.57765369,55.94932413,-6.635820389,1,0.5
19.17765369,56.04932413,-6.282881737,1,0.5
15.17765369,54.64932413,-4.814351082,1,0.5
17.47765369,55.24932413,-4.916973114,1,0.5
19.07765369,55.84932413,-6.178497314,1,0.5
19.17765369,55.94932413,-6.020555973,1,0.5
16.07765369,54.94932413,-6.833648205,1,0.5
18.97765369,55.84932413,-6.101378441,1,0.5
10.87765369,57.54932413,-6.952804565,1,0.5
18.97765369,56.44932413,-5.008145809,1,0.5
19.07765369,56.14932413,-6.379556656,1,0.5
15.87765369,54.84932413,-6.552308083,1,0.5
17.57765369,55.24932413,-5.025709152,1,0.5
17.37765369,55.24932413,-5.22258091,1,0.5
18.57765369,56.04932413,-6.62848711,1,0.5
16.07765369,55.64932413,-8.698926926,1,0.5
18.97765369,56.34932413,-4.553381443,1,0.5
15.97765369,55.64932413,-8.9581213,1,0.5
19.07765369,54.54932413,-5.066079617,1,0.5
19.07765369,55.94932413,-6.385588646,1,0.5
19.07765369,56.04932413,-6.325425148,1,0.5
19.47765369,54.54932413,-4.372263908,1,0.5
15.77765369,54.74932413,-4.566192627,1,0.5
18.87765369,56.44932413,-4.740661144,1,0.5
11.57765369,54.24932413,-7.389703274,1,0.5
19.37765369,54.64932413,-4.93342495,1,0.5
18.67765369,55.94932413,-6.498270035,1,0.5
12.37765369,56.14932413,-5.685952187,1,0.5
18.97765369,55.94932413,-6.523796558,1,0.5
18.97765369,56.14932413,-6.475876808,1,0.5
18.87765369,56.34932413,-4.573747635,1,0.5
18.97765369,56.04932413,-6.287698746,1,0.5
12.47765369,56.24932413,-4.621177673,1,0.5
18.77765369,55.94932413,-6.430508614,1,0.5
18.87765369,55.94932413,-6.279017448,1,0.5
18.87765369,56.24932413,-6.45382452,1,0.5
18.67765369,56.04932413,-6.39504385,1,0.5
18.57765369,56.14932413,-4.531198025,1,0.5
18.87765369,56.04932413,-6.5489645,1,0.5
15.07765369,54.64932413,-4.952485085,1,0.5
12.77765369,55.84932413,-4.944763184,1,0.5
19.27765369,54.74932413,-5.094242096,1,0.5
10.97765369,57.54932413,-7.187988758,1,0.5
18.77765369,56.04932413,-6.534297943,1,0.5
19.27765369,54.64932413,-6.019115448,1,0.5
13.27765369,55.14932413,-5.769219398,1,0.5
18.77765369,56.24932413,-6.53167057,1,0.5
18.77765369,56.14932413,-6.376134872,1,0.5
18.77765369,56.34932413,-4.898538589,1,0.5
19.17765369,54.44932413,-4.933485031,1,0.5
18.67765369,56.24932413,-4.45741415,1,0.5
19.07765369,54.44932413,-5.264298916,1,0.5
19.27765369,54.54932413,-7.1385355,1,0.5
16.67765369,56.14932413,-5.526147366,1,0.5
12.87765369,55.74932413,-4.896680355,1,0.5
16.57765369,56.04932413,-4.493904591,1,0.5
19.27765369,54.44932413,-5.940879345,1,0.5
16.57765369,54.84932413,-2.871417761,0,0
20.07765369,55.44932413,-3.462280512,0,0
14.37765369,54.44932413,-2.669626713,0,0
16.47765369,54.84932413,-2.904872417,0,0
14.37765369,54.34932413,-2.915334463,0,0
14.17765369,54.14932413,-3.857263565,0,0
17.37765369,54.94932413,-2.928317308,0,0
17.17765369,54.94932413,-2.87311697,0,0
17.27765369,54.94932413,-2.945560217,0,0
16.57765369,54.94932413,-2.717885733,0,0
14.57765369,54.54932413,-3.106758118,0,0
14.57765369,54.34932413,-3.033510208,0,0
20.17765369,55.44932413,-3.302996635,0,0
14.47765369,54.24932413,-3.182029009,0,0
14.37765369,54.14932413,-3.351763725,0,0
14.37765369,54.24932413,-3.089608431,0,0
14.27765369,54.24932413,-3.301392794,0,0
14.27765369,54.14932413,-3.479166508,0,0
14.27765369,54.04932413,-3.273823738,0,0
14.37765369,54.04932413,-3.470027924,0,0
14.27765369,53.94932413,-3.839375973,0,0
14.57765369,54.44932413,-2.766155243,0,0
14.17765369,54.04932413,-3.882195711,0,0
14.07765369,54.14932413,-3.607979298,0,0
14.37765369,53.94932413,-3.237870216,0,0
14.47765369,54.14932413,-3.325820923,0,0
14.47765369,54.34932413,-2.930602312,0,0
14.47765369,54.04932413,-3.799530029,0,0
14.67765369,54.34932413,-2.921394825,0,0
14.67765369,54.54932413,-2.955654383,0,0
18.77765369,54.44932413,-3.616754293,0,0
14.57765369,54.24932413,-2.999168634,0,0
18.27765369,56.04932413,-3.623437643,0,0
18.27765369,56.24932413,-3.161484718,0,0
10.67765369,54.94932413,-2.731070757,0,0
14.67765369,54.44932413,-3.138129234,0,0
20.27765369,55.54932413,-3.244876385,0,0
13.97765369,54.14932413,-3.698616266,0,0
14.57765369,54.14932413,-3.323417425,0,0
12.97765369,54.64932413,-3.161640882,0,0
12.97765369,54.44932413,-3.366643667,0,0
12.87765369,54.54932413,-3.042899847,0,0
12.97765369,54.54932413,-3.039740562,0,0
10.47765369,56.94932413,-3.012879133,0,0
10.57765369,56.94932413,-3.042080879,0,0
10.67765369,56.84932413,-2.866422653,0,0
10.37765369,56.84932413,-3.203174114,0,0
10.57765369,56.64932413,-3.188816309,0,0
10.37765369,56.74932413,-3.254671812,0,0
15.77765369,54.34932413,-3.067310572,0,0
20.57765369,55.44932413,-3.022113085,0,0
14.57765369,54.04932413,-3.916227818,0,0
13.87765369,54.44932413,-3.255153656,0,0
20.27765369,55.24932413,-3.606482029,0,0
16.67765369,55.04932413,-2.884257793,0,0
16.67765369,54.84932413,-2.870198727,0,0
14.37765369,54.54932413,-3.059850931,0,0
20.37765369,55.54932413,-3.400456905,0,0
13.07765369,54.44932413,-3.620248795,0,0
13.87765369,54.14932413,-3.707883596,0,0
13.87765369,54.24932413,-3.487591505,0,0
14.47765369,54.54932413,-3.070569754,0,0
20.67765369,55.64932413,-4.092467785,0,0
20.67765369,55.74932413,-3.3013165,0,0
20.67765369,55.84932413,-3.341941595,0,0
20.37765369,55.14932413,-4.157474041,0,0
13.07765369,54.64932413,-3.01612258,0,0
12.47765369,55.14932413,-2.751588821,0,0
12.37765369,55.14932413,-2.621099949,0,0
20.57765369,55.14932413,-3.054869175,0,0
12.47765369,55.34932413,-3.16221714,0,0
15.57765369,54.34932413,-3.621659756,0,0
15.37765369,54.34932413,-3.396667719,0,0
15.47765369,54.24932413,-3.515096188,0,0
12.37765369,55.44932413,-3.043308973,0,0
13.47765369,54.24932413,-3.926870584,0,0
14.57765369,55.04932413,-3.207444191,0,0
12.87765369,54.74932413,-3.850574493,0,0
10.07765369,55.04932413,-3.132333755,0,0
14.47765369,54.44932413,-3.051017046,0,0
14.87765369,54.94932413,-3.000091076,0,0
13.57765369,54.24932413,-4.014912605,0,0
12.47765369,55.44932413,-2.949763536,0,0
14.77765369,54.94932413,-2.801034689,0,0
11.27765369,56.04932413,-2.919914246,0,0
17.27765369,54.84932413,-3.395113468,0,0
20.67765369,55.14932413,-2.98281002,0,0
12.67765369,54.84932413,-2.763324499,0,0
20.17765369,55.24932413,-3.995953798,0,0
13.77765369,54.44932413,-3.479731321,0,0
13.87765369,54.34932413,-3.508476019,0,0
13.77765369,54.34932413,-3.465984583,0,0
13.77765369,54.24932413,-3.761591673,0,0
20.37765369,55.04932413,-3.163268089,0,0
9.777653694,55.24932413,-3.038032532,0,0
20.67765369,55.34932413,-2.961580038,0,0
20.07765369,55.34932413,-3.192765713,0,0
20.57765369,55.74932413,-3.364897728,0,0
10.37765369,54.94932413,-2.856461763,0,0
12.37765369,54.74932413,-3.006669044,0,0
14.77765369,54.54932413,-3.152486324,0,0
12.97765369,54.74932413,-3.207626104,0,0
11.07765369,57.04932413,-2.683662176,0,0
11.17765369,56.74932413,-2.9809165,0,0
14.77765369,54.44932413,-3.271823406,0,0
14.67765369,54.24932413,-2.899316311,0,0
12.47765369,54.84932413,-3.039276838,0,0
16.77765369,54.84932413,-2.891974688,0,0
11.77765369,54.54932413,-2.837716579,0,0
12.47765369,54.74932413,-3.377813339,0,0
14.37765369,54.64932413,-3.110057831,0,0
12.17765369,57.14932413,-2.988883972,0,0
17.47765369,54.94932413,-2.859737635,0,0
17.37765369,54.84932413,-3.379508495,0,0
13.17765369,54.64932413,-3.116188049,0,0
10.77765369,56.64932413,-2.981292009,0,0
10.87765369,56.64932413,-3.1197505,0,0
10.77765369,56.54932413,-2.967058897,0,0
12.07765369,54.64932413,-2.725902557,0,0
10.67765369,56.94932413,-2.859009743,0,0
12.77765369,54.84932413,-2.898037434,0,0
20.97765369,55.34932413,-3.210630894,0,0
13.07765369,54.74932413,-3.185415983,0,0
20.77765369,55.24932413,-2.928844452,0,0
12.07765369,57.24932413,-3.048690319,0,0
16.37765369,54.74932413,-3.517346382,0,0
16.27765369,54.54932413,-2.953418732,0,0
16.37765369,54.44932413,-3.321483612,0,0
16.27765369,54.74932413,-3.395549297,0,0
17.47765369,55.64932413,-2.908833742,0,0
12.37765369,55.54932413,-3.023052216,0,0
20.77765369,55.84932413,-3.235779762,0,0
14.67765369,54.14932413,-3.299212694,0,0
10.67765369,56.04932413,-3.292288542,0,0
12.97765369,54.84932413,-3.000383615,0,0
14.67765369,54.04932413,-4.272618294,0,0
10.97765369,56.24932413,-4.119842052,0,0
10.97765369,55.04932413,-3.282934666,0,0
12.97765369,55.04932413,-2.878120422,0,0
20.17765369,55.94932413,-3.296504021,0,0
20.07765369,55.94932413,-3.223495483,0,0
20.07765369,56.04932413,-3.151707172,0,0
10.87765369,55.14932413,-2.990901947,0,0
12.37765369,54.64932413,-3.35833168,0,0
12.87765369,54.44932413,-3.239784002,0,0
11.27765369,55.94932413,-2.910416365,0,0
12.87765369,54.84932413,-2.852571964,0,0
11.37765369,56.34932413,-3.064285517,0,0
11.27765369,56.34932413,-3.102507591,0,0
20.87765369,55.84932413,-3.139719725,0,0
14.37765369,54.94932413,-2.996178865,0,0
11.67765369,54.54932413,-2.813035727,0,0
20.47765369,55.74932413,-3.474259138,0,0
15.67765369,54.34932413,-3.505608797,0,0
11.17765369,56.04932413,-3.196595907,0,0
20.37765369,54.94932413,-2.806433201,0,0
20.67765369,55.44932413,-3.099477291,0,0
20.77765369,55.34932413,-2.940773249,0,0
17.57765369,54.94932413,-3.015029907,0,0
18.17765369,55.14932413,-3.441589355,0,0
18.17765369,54.94932413,-3.273844242,0,0
18.27765369,55.04932413,-3.596232414,0,0
12.07765369,54.34932413,-3.260696411,0,0
12.07765369,54.44932413,-2.901547432,0,0
12.07765369,54.24932413,-3.77157855,0,0
20.57765369,55.84932413,-3.378715515,0,0
15.77765369,54.44932413,-3.971549988,0,0
10.77765369,55.94932413,-2.934278727,0,0
12.27765369,54.34932413,-2.900660038,0,0
12.87765369,54.64932413,-3.069110632,0,0
16.47765369,54.54932413,-3.075699806,0,0
10.57765369,57.04932413,-2.881562948,0,0
20.37765369,55.74932413,-3.762963772,0,0
20.27765369,55.04932413,-3.241240025,0,0
12.37765369,54.54932413,-3.298158407,0,0
11.57765369,57.04932413,-4.186068058,0,0
12.27765369,54.64932413,-2.86159277,0,0
12.37765369,54.44932413,-2.905132771,0,0
15.97765369,54.54932413,-3.318083763,0,0
10.37765369,55.84932413,-2.943884134,0,0
18.17765369,55.04932413,-3.50780654,0,0
10.97765369,55.24932413,-3.373724461,0,0
15.47765369,54.34932413,-3.223053932,0,0
20.87765369,55.94932413,-2.987852335,0,0
11.97765369,54.44932413,-2.930481195,0,0
12.47765369,54.44932413,-3.092460871,0,0
20.77765369,55.94932413,-3.054643631,0,0
11.57765369,56.94932413,-3.097387552,0,0
11.37765369,56.14932413,-3.026503086,0,0
20.97765369,56.14932413,-3.113916636,0,0
11.47765369,56.04932413,-3.040097713,0,0
18.07765369,54.84932413,-2.976270914,0,0
12.47765369,54.54932413,-3.414551735,0,0
10.97765369,55.34932413,-3.338008881,0,0
12.57765369,54.74932413,-3.093372107,0,0
11.67765369,56.84932413,-3.61467433,0,0
11.57765369,56.84932413,-2.953663111,0,0
16.87765369,55.04932413,-2.874525785,0,0
11.27765369,56.74932413,-2.915485382,0,0
12.67765369,54.94932413,-3.465120554,0,0
11.37765369,56.84932413,-2.732679367,0,0
11.47765369,56.24932413,-3.100452662,0,0
11.57765369,56.74932413,-2.910975456,0,0
13.07765369,54.94932413,-3.160771132,0,0
11.57765369,54.54932413,-2.665506601,0,0
11.17765369,55.14932413,-2.867929459,0,0
11.47765369,56.74932413,-2.814038754,0,0
11.47765369,56.84932413,-2.890328884,0,0
17.27765369,55.44932413,-3.385749578,0,0
10.17765369,55.74932413,-2.957614899,0,0
10.37765369,55.74932413,-2.865426064,0,0
10.27765369,55.84932413,-2.822408438,0,0
12.57765369,54.54932413,-3.132579088,0,0
11.47765369,56.34932413,-3.930027008,0,0
17.47765369,55.44932413,-3.756570339,0,0
11.87765369,56.94932413,-3.426051617,0,0
15.37765369,54.24932413,-3.281275749,0,0
11.07765369,56.74932413,-2.852823257,0,0
11.57765369,56.04932413,-2.95733428,0,0
10.87765369,56.04932413,-3.053725719,0,0
17.97765369,54.84932413,-3.235473156,0,0
10.67765369,55.74932413,-3.063401937,0,0
10.57765369,54.74932413,-3.22631979,0,0
10.87765369,56.54932413,-3.149070501,0,0
11.47765369,57.04932413,-3.001447916,0,0
11.47765369,56.44932413,-3.118569613,0,0
20.07765369,55.24932413,-4.123930931,0,0
12.67765369,54.74932413,-4.330173492,0,0
11.97765369,56.94932413,-3.606029272,0,0
15.47765369,54.44932413,-4.297737598,0,0
11.47765369,56.54932413,-3.610661507,0,0
13.17765369,55.24932413,-3.679608345,0,0
13.07765369,55.24932413,-3.36113143,0,0
12.97765369,55.24932413,-2.874062777,0,0
11.97765369,56.54932413,-3.644657612,0,0
11.37765369,56.64932413,-2.882538795,0,0
20.67765369,56.04932413,-2.926041603,0,0
12.47765369,56.84932413,-2.804933071,0,0
16.77765369,55.04932413,-2.835906029,0,0
10.97765369,56.64932413,-3.022194147,0,0
14.47765369,54.64932413,-3.231647253,0,0
11.67765369,56.04932413,-3.034612656,0,0
11.87765369,56.34932413,-3.733446121,0,0
11.67765369,56.14932413,-3.136550426,0,0
11.37765369,55.14932413,-2.948739767,0,0
11.57765369,55.14932413,-3.147566319,0,0
11.67765369,56.24932413,-2.821411371,0,0
10.97765369,56.34932413,-3.326561213,0,0
17.27765369,54.74932413,-3.058920145,0,0
11.07765369,56.44932413,-3.210495949,0,0
11.27765369,56.24932413,-3.121415138,0,0
10.77765369,57.04932413,-3.244966745,0,0
10.67765369,57.14932413,-3.094331026,0,0
10.67765369,57.04932413,-2.998157263,0,0
10.57765369,57.14932413,-3.010742426,0,0
10.57765369,57.24932413,-2.970946312,0,0
10.87765369,57.14932413,-2.679868937,0,0
11.37765369,54.54932413,-3.166978836,0,0
11.37765369,56.54932413,-3.110205412,0,0
12.07765369,56.14932413,-3.272662878,0,0
10.97765369,55.84932413,-3.130348206,0,0
20.57765369,56.14932413,-3.103465557,0,0
10.97765369,57.04932413,-2.737897635,0,0
20.17765369,55.04932413,-3.470141888,0,0
12.77765369,54.74932413,-3.310553074,0,0
11.27765369,56.64932413,-2.895493746,0,0
10.87765369,57.04932413,-2.827943325,0,0
11.07765369,54.64932413,-3.149451733,0,0
10.97765369,54.74932413,-2.810573101,0,0
11.77765369,55.84932413,-3.209610701,0,0
10.97765369,56.44932413,-3.227876902,0,0
14.77765369,54.04932413,-4.159031391,0,0
10.97765369,56.54932413,-3.139719248,0,0
11.17765369,57.04932413,-2.915171623,0,0
11.77765369,56.04932413,-3.098049164,0,0
17.47765369,54.84932413,-2.94037056,0,0
17.67765369,54.84932413,-3.251588345,0,0
17.57765369,54.84932413,-3.180181265,0,0
10.77765369,57.14932413,-2.986231089,0,0
11.77765369,56.14932413,-3.208826542,0,0
12.07765369,56.54932413,-3.426025867,0,0
12.77765369,54.64932413,-3.153080463,0,0
11.97765369,56.14932413,-3.028271198,0,0
11.17765369,56.54932413,-2.966669083,0,0
14.27765369,55.24932413,-3.584345102,0,0
11.87765369,56.04932413,-3.01497364,0,0
10.67765369,55.84932413,-2.94616437,0,0
16.37765369,54.84932413,-3.087973595,0,0
10.77765369,57.24932413,-2.922567368,0,0
14.77765369,54.14932413,-3.405629635,0,0
12.67765369,54.54932413,-3.320639372,0,0
10.87765369,56.24932413,-3.821980953,0,0
20.07765369,55.14932413,-4.282322884,0,0
10.97765369,54.64932413,-3.113080263,0,0
14.77765369,54.24932413,-3.069157839,0,0
12.37765369,56.44932413,-3.191216707,0,0
11.07765369,55.74932413,-2.986593246,0,0
12.77765369,54.54932413,-3.037346601,0,0
14.97765369,54.44932413,-3.247522831,0,0
15.17765369,54.24932413,-3.354829788,0,0
16.97765369,55.54932413,-3.082358599,0,0
14.77765369,54.34932413,-3.008727312,0,0
12.17765369,56.54932413,-4.087769985,0,0
10.87765369,57.24932413,-2.88715601,0,0
10.87765369,57.34932413,-2.942247152,0,0
16.87765369,54.64932413,-3.179672718,0,0
16.87765369,54.74932413,-3.315530777,0,0
16.97765369,54.74932413,-3.057362556,0,0
17.07765369,54.74932413,-3.149597406,0,0
11.97765369,56.24932413,-3.478331566,0,0
11.87765369,56.14932413,-3.295274734,0,0
11.97765369,56.04932413,-2.922227621,0,0
15.27765369,54.14932413,-3.503815889,0,0
12.17765369,56.44932413,-3.281346083,0,0
17.17765369,54.74932413,-2.986153841,0,0
20.47765369,56.14932413,-2.881016016,0,0
15.27765369,54.24932413,-3.308618069,0,0
13.87765369,55.34932413,-3.392402887,0,0
13.77765369,55.34932413,-3.310144186,0,0
11.07765369,56.54932413,-3.128851652,0,0
11.27765369,56.54932413,-2.940824747,0,0
11.17765369,56.64932413,-2.991511822,0,0
16.47765369,54.94932413,-3.069504738,0,0
19.97765369,55.24932413,-3.88087368,0,0
15.87765369,54.44932413,-3.591902733,0,0
15.87765369,54.34932413,-3.254273415,0,0
20.37765369,56.24932413,-2.891780615,0,0
11.27765369,57.14932413,-2.926767588,0,0
12.27765369,56.44932413,-3.585006952,0,0
15.17765369,54.14932413,-3.761384249,0,0
11.27765369,57.44932413,-4.206840515,0,0
10.77765369,55.74932413,-3.266416311,0,0
13.47765369,55.24932413,-3.121370792,0,0
16.27765369,54.44932413,-3.957284451,0,0
14.87765369,54.14932413,-3.417841434,0,0
17.17765369,54.84932413,-3.085461617,0,0
15.97765369,54.64932413,-3.69615674,0,0
11.17765369,57.14932413,-2.742563248,0,0
13.87765369,55.24932413,-3.303751707,0,0
13.67765369,55.24932413,-3.221886873,0,0
17.47765369,56.04932413,-3.086530447,0,0
17.47765369,55.94932413,-3.145762205,0,0
17.37765369,55.94932413,-3.178659678,0,0
17.37765369,56.04932413,-3.155191898,0,0
17.27765369,56.04932413,-2.992090702,0,0
17.17765369,56.04932413,-3.097876787,0,0
17.37765369,56.24932413,-3.124293089,0,0
17.37765369,56.14932413,-2.957241058,0,0
17.27765369,56.14932413,-2.850278139,0,0
14.27765369,55.34932413,-3.250401735,0,0
10.97765369,57.14932413,-2.734612942,0,0
11.07765369,57.14932413,-2.803973198,0,0
18.47765369,54.84932413,-3.705833435,0,0
14.17765369,55.24932413,-3.326532841,0,0
13.77765369,55.24932413,-3.238218546,0,0
10.87765369,55.54932413,-3.336759806,0,0
16.17765369,54.64932413,-3.439159632,0,0
14.97765369,54.14932413,-3.529491663,0,0
17.07765369,54.84932413,-3.580895185,0,0
14.87765369,54.24932413,-3.168236494,0,0
13.57765369,55.24932413,-3.145745993,0,0
16.07765369,54.54932413,-3.41432023,0,0
19.57765369,54.44932413,-3.859693289,0,0
14.37765369,55.44932413,-3.405467987,0,0
11.07765369,57.34932413,-2.873076916,0,0
15.97765369,54.34932413,-3.226662397,0,0
18.27765369,54.94932413,-3.448513746,0,0
19.67765369,55.94932413,-3.0601511,0,0
19.87765369,54.94932413,-3.220760107,0,0
14.97765369,54.24932413,-3.186212778,0,0
19.67765369,55.84932413,-3.545501947,0,0
19.77765369,54.94932413,-3.203552485,0,0
18.07765369,55.14932413,-3.774678707,0,0
16.07765369,54.44932413,-3.840389729,0,0
16.07765369,54.64932413,-3.540681124,0,0
10.67765369,55.64932413,-3.35192585,0,0
16.97765369,54.94932413,-2.988730192,0,0
16.77765369,55.54932413,-3.030578852,0,0
19.77765369,54.84932413,-3.303313017,0,0
16.17765369,54.34932413,-3.922448635,0,0
14.87765369,54.34932413,-3.205875158,0,0
17.87765369,54.84932413,-3.279294014,0,0
17.57765369,55.44932413,-4.091784477,0,0
17.57765369,55.84932413,-3.351567268,0,0
11.97765369,54.24932413,-3.659124851,0,0
11.37765369,54.04932413,-3.035146236,0,0
19.57765369,55.84932413,-3.278087378,0,0
18.27765369,55.94932413,-3.97530365,0,0
16.67765369,55.64932413,-3.402291298,0,0
16.87765369,55.64932413,-2.937749147,0,0
17.77765369,54.84932413,-3.239373446,0,0
19.77765369,55.94932413,-3.225578547,0,0
18.37765369,54.84932413,-3.306191444,0,0
19.77765369,54.74932413,-3.179643393,0,0
17.07765369,54.94932413,-3.026883841,0,0
14.97765369,54.34932413,-3.488559484,0,0
14.87765369,54.44932413,-3.17690897,0,0
17.47765369,56.14932413,-2.793664217,0,0
10.57765369,57.64932413,-3.497515678,0,0
13.97765369,55.24932413,-3.603744268,0,0
16.37765369,54.94932413,-3.3661623,0,0
15.97765369,54.44932413,-3.270098925,0,0
16.07765369,54.34932413,-3.52602458,0,0
16.17765369,54.44932413,-3.549898386,0,0
17.67765369,54.94932413,-3.102514505,0,0
19.77765369,54.64932413,-3.935805798,0,0
17.17765369,56.14932413,-3.042335749,0,0
17.27765369,56.24932413,-3.800258636,0,0
18.27765369,55.84932413,-4.246867657,0,0
17.17765369,56.24932413,-2.974644899,0,0
17.67765369,55.74932413,-3.463438511,0,0
18.17765369,56.04932413,-3.515311003,0,0
17.17765369,55.14932413,-4.320081234,0,0
17.37765369,55.44932413,-3.889341831,0,0
18.17765369,55.74932413,-4.176266193,0,0
16.87765369,55.54932413,-3.054125547,0,0
17.67765369,56.24932413,-3.033269644,0,0
17.07765369,56.24932413,-3.740155458,0,0
17.17765369,55.04932413,-3.396350622,0,0
18.67765369,54.44932413,-3.958315611,0,0
16.67765369,55.54932413,-3.101315498,0,0
17.57765369,56.14932413,-3.109987736,0,0
17.67765369,56.34932413,-3.179159641,0,0
17.67765369,56.14932413,-3.280488491,0,0
17.57765369,56.24932413,-2.967271566,0,0
16.77765369,55.64932413,-3.106013536,0,0
18.17765369,55.84932413,-3.874584436,0,0
17.17765369,55.44932413,-3.457827568,0,0
10.57765369,57.34932413,-3.112110376,0,0
18.17765369,55.94932413,-3.519360065,0,0
18.07765369,56.14932413,-3.252593279,0,0
18.37765369,55.04932413,-3.811923981,0,0
18.47765369,54.94932413,-3.73103857,0,0
17.47765369,56.24932413,-2.829865932,0,0
17.57765369,55.94932413,-3.606856823,0,0
18.67765369,54.54932413,-4.27138567,0,0
16.77765369,55.74932413,-3.20120573,0,0
18.87765369,54.44932413,-4.007184505,0,0
17.07765369,56.14932413,-3.601476669,0,0
17.17765369,55.84932413,-3.080109596,0,0
16.97765369,55.64932413,-3.161129713,0,0
17.57765369,55.14932413,-3.894053698,0,0
18.07765369,56.04932413,-3.397389174,0,0
18.57765369,54.64932413,-4.177526951,0,0
10.57765369,57.44932413,-3.050471544,0,0
17.57765369,56.04932413,-3.152444363,0,0
16.77765369,55.84932413,-3.238353252,0,0
16.67765369,55.74932413,-3.838077068,0,0
16.87765369,55.74932413,-3.348174572,0,0
18.67765369,54.64932413,-4.278759956,0,0
12.67765369,55.34932413,-3.885443449,0,0
13.27765369,55.24932413,-3.125770092,0,0
16.17765369,54.74932413,-3.777854919,0,0
17.07765369,55.74932413,-3.047326803,0,0
17.57765369,56.34932413,-3.330174446,0,0
13.37765369,55.24932413,-3.209464788,0,0
15.67765369,55.84932413,-3.155961037,0,0
16.27765369,54.84932413,-3.67927146,0,0
10.97765369,57.34932413,-2.814019203,0,0
16.97765369,55.74932413,-3.042567253,0,0
17.07765369,55.84932413,-3.279486179,0,0
17.67765369,56.04932413,-3.62107563,0,0
18.17765369,56.34932413,-2.935815573,0,0
16.97765369,56.14932413,-2.963075399,0,0
16.77765369,56.34932413,-3.763182878,0,0
16.87765369,56.24932413,-3.352557182,0,0
12.87765369,55.34932413,-2.930783749,0,0
18.27765369,56.34932413,-2.877621651,0,0
14.27765369,55.64932413,-3.04810524,0,0
17.97765369,56.44932413,-3.263197422,0,0
16.97765369,55.84932413,-3.626932383,0,0
16.87765369,55.84932413,-3.257304907,0,0
14.37765369,55.64932413,-3.293658495,0,0
18.07765369,56.44932413,-3.156110048,0,0
17.07765369,55.54932413,-3.075298309,0,0
17.07765369,55.14932413,-3.42931509,0,0
16.97765369,55.94932413,-3.080024719,0,0
18.37765369,56.34932413,-2.912931681,0,0
18.17765369,56.44932413,-2.961889982,0,0
18.27765369,56.44932413,-2.764357567,0,0
18.37765369,56.44932413,-2.909848213,0,0
18.57765369,56.44932413,-3.063326359,0,0
16.67765369,55.84932413,-3.403190374,0,0
16.77765369,56.24932413,-3.350559473,0,0
12.77765369,55.44932413,-3.42135334,0,0
18.47765369,56.44932413,-2.921991587,0,0
12.87765369,55.44932413,-3.315629959,0,0
18.47765369,56.34932413,-3.169868708,0,0
16.57765369,55.84932413,-3.664297104,0,0
16.77765369,56.04932413,-4.203271866,0,0
16.07765369,55.94932413,-3.277281761,0,0
16.67765369,56.24932413,-3.36794734,0,0
16.67765369,56.04932413,-3.209478855,0,0
16.47765369,56.04932413,-3.384157658,0,0
16.47765369,55.84932413,-3.640108347,0,0
16.57765369,56.14932413,-3.148844719,0,0
16.37765369,56.04932413,-3.033453703,0,0
16.37765369,56.14932413,-4.311211586,0,0
16.37765369,56.24932413,-2.536800385,0,0
16.27765369,56.34932413,-2.898912907,0,0
16.27765369,56.44932413,-2.962847471,0,0
16.37765369,56.34932413,-2.59055686,0,0
18.27765369,55.64932413,-4.103197098,0,0
19.07765369,55.64932413,-3.912250996,0,0
18.97765369,55.64932413,-3.988945007,0,0
20.37765369,56.34932413,-2.995587826,0,0
18.57765369,55.24932413,-3.994882584,0,0
18.17765369,55.64932413,-4.038672447,0,0
19.07765369,55.34932413,-4.245849133,0,0
19.07765369,55.24932413,-4.102442741,0,0
19.17765369,55.24932413,-4.274894238,0,0
18.37765369,56.24932413,-3.320898533,0,0
20.57765369,55.24932413,-2.788735151,0,0
18.27765369,55.34932413,-3.632541656,0,0
11.77765369,57.34932413,-3.508645535,0,0
14.97765369,54.84932413,-3.958990574,0,0
19.67765369,56.04932413,-3.15648818,0,0
14.57765369,54.64932413,-3.625335693,0,0
20.27765369,55.74932413,-3.835860729,0,0
11.77765369,57.24932413,-3.984000921,0,0
11.77765369,57.14932413,-4.118988991,0,0
12.37765369,54.84932413,-3.024058819,0,0
11.77765369,57.44932413,-3.299053907,0,0
12.27765369,54.74932413,-3.127036095,0,0
15.77765369,54.54932413,-4.278508663,0,0
14.87765369,54.74932413,-4.190351486,0,0
14.87765369,54.54932413,-3.339717388,0,0
14.97765369,54.74932413,-3.919903278,0,0
12.77765369,56.54932413,-3.014314651,0,0
12.87765369,56.54932413,-3.044793129,0,0
12.47765369,56.74932413,-3.174734116,0,0
16.87765369,54.84932413,-3.125758886,0,0
11.87765369,56.84932413,-4.111863613,0,0
11.07765369,54.54932413,-4.027984619,0,0
11.17765369,54.54932413,-4.297105312,0,0
16.97765369,54.84932413,-3.406765938,0,0
15.87765369,54.54932413,-3.924342394,0,0
15.37765369,54.54932413,-3.743354797,0,0
15.47765369,54.54932413,-4.248348713,0,0
19.27765369,55.34932413,-4.291125774,0,0
16.57765369,55.04932413,-3.222545862,0,0
15.67765369,54.54932413,-4.242481709,0,0
18.17765369,55.24932413,-3.694790363,0,0
17.17765369,55.34932413,-4.13639164,0,0
15.57765369,54.54932413,-4.197631359,0,0
16.57765369,55.14932413,-3.544556618,0,0
15.97765369,54.84932413,-4.24161911,0,0
18.37765369,55.64932413,-4.261525631,0,0
14.37765369,55.34932413,-3.311967611,0,0
14.47765369,55.44932413,-3.840843678,0,0
18.27765369,55.14932413,-3.765106916,0,0
19.57765369,55.94932413,-3.155915737,0,0
19.27765369,55.44932413,-4.046687126,0,0
14.57765369,55.34932413,-4.144360542,0,0
20.17765369,56.04932413,-3.05294466,0,0
20.27765369,56.34932413,-3.051995754,0,0
19.67765369,55.74932413,-3.733368635,0,0
16.37765369,55.04932413,-3.632713318,0,0
14.57765369,55.44932413,-4.268635273,0,0
20.27765369,56.24932413,-3.001482725,0,0
17.97765369,55.54932413,-3.923757315,0,0
18.07765369,55.24932413,-4.025832176,0,0
18.07765369,55.64932413,-3.913240194,0,0
19.47765369,55.94932413,-3.235055208,0,0
17.67765369,55.54932413,-3.990930796,0,0
17.07765369,56.34932413,-3.340405226,0,0
17.97765369,56.14932413,-3.445410013,0,0
17.87765369,56.44932413,-3.283491373,0,0
17.17765369,56.44932413,-3.267409563,0,0
19.57765369,55.74932413,-3.824155331,0,0
17.17765369,56.34932413,-3.20704031,0,0
20.17765369,56.24932413,-3.059909344,0,0
14.87765369,54.64932413,-3.837140083,0,0
16.97765369,56.34932413,-3.607673407,0,0
19.47765369,55.84932413,-3.467280626,0,0
19.37765369,55.54932413,-4.057755947,0,0
17.97765369,55.24932413,-4.304559231,0,0
19.47765369,55.74932413,-3.537734509,0,0
19.47765369,55.64932413,-3.871730328,0,0
19.27765369,55.64932413,-3.838541746,0,0
19.77765369,56.04932413,-3.174839497,0,0
19.87765369,56.04932413,-3.364995241,0,0
17.27765369,56.34932413,-3.861863613,0,0
19.37765369,55.64932413,-3.827226877,0,0
18.07765369,55.74932413,-4.093430996,0,0
14.97765369,55.24932413,-3.337355137,0,0
19.07765369,55.74932413,-3.932295799,0,0
17.27765369,56.44932413,-3.495408535,0,0
19.37765369,55.74932413,-3.592454433,0,0
19.37765369,55.84932413,-3.316253424,0,0
19.17765369,55.74932413,-3.80992794,0,0
19.27765369,55.74932413,-3.742062807,0,0
13.17765369,55.04932413,-3.150892496,0,0
17.37765369,56.34932413,-3.165417671,0,0
15.17765369,55.14932413,-3.777512312,0,0
16.97765369,56.24932413,-3.410547972,0,0
17.77765369,56.24932413,-3.255825758,0,0
17.37765369,55.14932413,-4.131455421,0,0
19.27765369,55.84932413,-3.490883589,0,0
18.07765369,55.94932413,-3.341362715,0,0
15.77765369,55.74932413,-3.297384739,0,0
18.07765369,55.84932413,-3.857979774,0,0
17.47765369,56.34932413,-3.275136709,0,0
17.37765369,56.44932413,-3.652742386,0,0
15.87765369,55.84932413,-3.295094013,0,0
14.97765369,54.54932413,-3.249173641,0,0
14.47765369,55.54932413,-3.953519821,0,0
17.47765369,55.14932413,-4.000825405,0,0
16.17765369,54.84932413,-3.864152908,0,0
17.47765369,56.44932413,-4.132148743,0,0
18.67765369,56.44932413,-3.802484274,0,0
18.77765369,56.44932413,-4.239768028,0,0
17.77765369,56.44932413,-3.792387247,0,0
17.67765369,56.44932413,-3.559346676,0,0
17.57765369,56.44932413,-3.261850119,0,0
18.47765369,56.24932413,-3.615184546,0,0
17.97765369,56.04932413,-3.840806007,0,0
16.37765369,55.74932413,-3.818992376,0,0
18.67765369,56.34932413,-4.311570644,0,0
18.57765369,56.34932413,-3.713674307,0,0
16.17765369,55.94932413,-3.559755564,0,0
16.07765369,55.84932413,-3.577495337,0,0
16.37765369,55.84932413,-3.586602211,0,0
16.47765369,55.94932413,-4.101093769,0,0
18.87765369,55.44932413,-3.920014143,0,0
18.87765369,55.34932413,-3.992857218,0,0
18.77765369,55.34932413,-3.829345703,0,0
18.77765369,55.24932413,-4.168290615,0,0
18.67765369,55.24932413,-4.036578655,0,0
18.77765369,55.44932413,-3.874586105,0,0
18.77765369,55.54932413,-3.830885649,0,0
18.77765369,55.14932413,-4.158165932,0,0
18.87765369,55.54932413,-3.987047672,0,0
18.97765369,55.44932413,-4.043571949,0,0
18.67765369,55.34932413,-3.797208071,0,0
18.67765369,55.44932413,-3.734506369,0,0
18.87765369,55.64932413,-3.691543341,0,0
18.87765369,55.14932413,-4.005179405,0,0
18.97765369,55.14932413,-4.229781151,0,0
18.97765369,55.04932413,-4.268568516,0,0
18.87765369,55.04932413,-4.094537735,0,0
18.57765369,55.34932413,-3.811842918,0,0
18.87765369,55.24932413,-4.020332336,0,0
18.17765369,55.54932413,-3.9689641,0,0
18.07765369,55.44932413,-3.730923653,0,0
18.27765369,55.54932413,-4.205504894,0,0
18.17765369,55.44932413,-3.887513876,0,0
18.27765369,55.44932413,-3.880922794,0,0
18.37765369,55.54932413,-4.111280441,0,0
18.17765369,55.34932413,-3.662759304,0,0
19.17765369,55.54932413,-4.039525032,0,0
18.97765369,55.74932413,-3.907514334,0,0
19.07765369,55.54932413,-3.968459129,0,0
18.97765369,55.54932413,-3.901453018,0,0
20.07765369,55.54932413,-4.10708046,0,0
18.37765369,55.44932413,-3.823279142,0,0
18.47765369,55.54932413,-3.877069235,0,0
18.57765369,55.64932413,-3.808156967,0,0
18.67765369,55.54932413,-3.869661331,0,0
18.57765369,55.54932413,-3.950773716,0,0
18.47765369,55.44932413,-3.682615757,0,0
18.57765369,55.44932413,-3.848510027,0,0
18.47765369,55.34932413,-3.581593275,0,0
19.07765369,55.44932413,-4.306253433,0,0
19.07765369,55.04932413,-4.267466068,0,0
20.17765369,55.54932413,-3.654380083,0,0
18.07765369,55.54932413,-3.861825705,0,0
18.97765369,55.24932413,-4.018347263,0,0
19.07765369,55.14932413,-4.176755905,0,0
19.97765369,55.54932413,-4.26710844,0,0
19.17765369,55.14932413,-4.30198431,0,0
19.57765369,56.34932413,-4.285573006,0,0
20.27765369,55.64932413,-3.75562501,0,0
17.97765369,55.64932413,-4.149388313,0,0
20.17765369,55.64932413,-3.930572748,0,0
19.67765369,56.34932413,-4.094768047,0,0
20.37765369,56.44932413,-3.098333359,0,0
14.07765369,54.04932413,-3.757243395,0,0
19.77765369,55.74932413,-3.788051844,0,0
19.97765369,55.74932413,-3.786287546,0,0
19.87765369,55.74932413,-3.991854429,0,0
18.37765369,56.04932413,-4.250109673,0,0
19.17765369,55.04932413,-4.298901558,0,0
20.07765369,55.74932413,-3.712299585,0,0
10.57765369,56.84932413,-3.190529585,0,0
10.67765369,56.74932413,-3.110290766,0,0
20.47765369,55.54932413,-3.520069838,0,0
20.27765369,56.44932413,-3.427887201,0,0
9.777653694,55.14932413,-3.196775436,0,0
10.47765369,56.54932413,-3.250201702,0,0
20.17765369,55.74932413,-3.656404972,0,0
19.87765369,55.84932413,-3.551946878,0,0
20.47765369,55.14932413,-3.082155704,0,0
10.57765369,55.64932413,-3.056067228,0,0
10.57765369,56.54932413,-3.08444643,0,0
11.67765369,57.24932413,-4.099915981,0,0
11.67765369,57.44932413,-4.327512741,0,0
20.77765369,55.74932413,-3.201393366,0,0
12.17765369,55.14932413,-2.609313726,0,0
19.97765369,55.84932413,-3.61066556,0,0
10.27765369,54.94932413,-3.103427649,0,0
10.07765369,54.94932413,-3.716435909,0,0
20.47765369,55.64932413,-4.210238934,0,0
12.57765369,55.14932413,-2.801883698,0,0
20.37765369,55.64932413,-3.91593194,0,0
20.57765369,55.54932413,-3.908376694,0,0
9.777653694,54.84932413,-2.975797176,0,0
20.47765369,55.04932413,-2.970842361,0,0
14.57765369,55.14932413,-3.825156927,0,0
19.97765369,55.94932413,-3.306612492,0,0
13.47765369,54.14932413,-4.089425087,0,0
14.57765369,54.84932413,-2.927175283,0,0
13.47765369,54.74932413,-3.798884392,0,0
13.57765369,54.14932413,-3.938101292,0,0
18.37765369,55.34932413,-3.606704473,0,0
20.67765369,55.54932413,-3.984716892,0,0
11.07765369,56.04932413,-3.336158991,0,0
11.17765369,55.94932413,-3.705077887,0,0
11.07765369,55.84932413,-2.95831871,0,0
10.67765369,56.54932413,-3.126331091,0,0
14.47765369,55.04932413,-3.232262611,0,0
13.67765369,54.44932413,-3.564448357,0,0
20.87765369,55.74932413,-3.266185522,0,0
11.97765369,54.34932413,-3.836191416,0,0
12.47765369,56.54932413,-3.421949148,0,0
12.67765369,56.54932413,-3.274126768,0,0
20.97765369,55.44932413,-2.928360939,0,0
10.17765369,54.94932413,-3.370228291,0,0
13.37765369,54.74932413,-3.594257832,0,0
10.87765369,56.84932413,-2.962747574,0,0
13.17765369,54.74932413,-3.92212677,0,0
11.67765369,57.14932413,-3.545152903,0,0
12.07765369,57.14932413,-3.833141565,0,0
10.77765369,56.74932413,-2.899818659,0,0
10.67765369,56.64932413,-2.920173407,0,0
10.87765369,56.74932413,-2.982530117,0,0
10.47765369,55.74932413,-3.165796518,0,0
14.67765369,54.64932413,-4.088291168,0,0
19.97765369,55.44932413,-4.023198128,0,0
20.17765369,55.84932413,-3.47176671,0,0
14.27765369,55.14932413,-4.134990215,0,0
11.87765369,54.54932413,-2.834961653,0,0
20.87765369,55.24932413,-3.321419716,0,0
10.47765369,55.94932413,-3.198590279,0,0
10.57765369,56.04932413,-3.219628811,0,0
10.67765369,55.94932413,-2.869728088,0,0
12.17765369,54.54932413,-3.217959404,0,0
20.07765369,55.84932413,-3.592164755,0,0
11.87765369,57.04932413,-4.070699215,0,0
11.07765369,54.04932413,-3.537445068,0,0
11.17765369,54.04932413,-3.855930805,0,0
10.97765369,54.04932413,-3.473482847,0,0
11.27765369,54.14932413,-3.384752989,0,0
12.17765369,56.24932413,-3.430177689,0,0
12.27765369,54.54932413,-3.450268269,0,0
11.27765369,55.84932413,-2.860279083,0,0
12.17765369,54.34932413,-3.050474882,0,0
10.37765369,55.94932413,-2.874879837,0,0
10.97765369,55.14932413,-3.496603489,0,0
10.37765369,55.64932413,-3.311095953,0,0
11.77765369,56.34932413,-3.221740007,0,0
13.77765369,54.54932413,-4.045851707,0,0
13.27765369,54.74932413,-3.595231533,0,0
11.07765369,55.94932413,-3.505463362,0,0
9.677653694,55.34932413,-3.074112892,0,0
9.777653694,55.34932413,-2.996948481,0,0
19.27765369,55.14932413,-4.285127163,0,0
11.37765369,56.04932413,-3.063084364,0,0
10.47765369,55.84932413,-3.359208822,0,0
10.17765369,55.64932413,-3.409152746,0,0
10.87765369,55.94932413,-3.096692324,0,0
10.87765369,55.44932413,-3.551435947,0,0
10.77765369,56.04932413,-3.131615639,0,0
10.97765369,55.94932413,-3.174208164,0,0
11.47765369,56.14932413,-3.192712545,0,0
13.47765369,54.94932413,-3.544747114,0,0
12.57765369,56.54932413,-3.284535408,0,0
11.67765369,56.74932413,-3.511127949,0,0
11.27765369,55.04932413,-2.939302206,0,0
10.27765369,55.64932413,-3.040330172,0,0
15.97765369,54.74932413,-3.626610518,0,0
17.57765369,55.34932413,-4.166034698,0,0
11.57765369,56.14932413,-3.241971254,0,0
15.17765369,55.64932413,-3.813256025,0,0
19.87765369,55.54932413,-4.284491062,0,0
13.77765369,54.64932413,-3.81807971,0,0
13.37765369,54.94932413,-3.384545803,0,0
11.17765369,56.14932413,-3.1366961,0,0
11.07765369,55.34932413,-4.265770435,0,0
15.97765369,55.74932413,-4.018389225,0,0
11.47765369,54.04932413,-3.201656342,0,0
11.47765369,57.14932413,-3.780390501,0,0
11.07765369,56.14932413,-3.388472557,0,0
11.97765369,56.64932413,-3.215859413,0,0
12.17765369,56.14932413,-3.293905258,0,0
13.67765369,54.94932413,-3.780550718,0,0
10.97765369,56.14932413,-3.434700489,0,0
10.87765369,56.14932413,-2.977151871,0,0
11.47765369,54.94932413,-2.87028861,0,0
11.57765369,55.04932413,-2.787822485,0,0
11.37765369,54.14932413,-3.292093039,0,0
11.27765369,55.14932413,-3.122030973,0,0
11.37765369,55.04932413,-2.950798035,0,0
11.17765369,56.24932413,-2.929809093,0,0
15.07765369,55.64932413,-3.905766726,0,0
12.47765369,56.44932413,-3.32790184,0,0
19.17765369,55.44932413,-4.026130199,0,0
20.17765369,56.44932413,-3.746954203,0,0
10.97765369,56.04932413,-3.227443933,0,0
10.37765369,54.44932413,-2.820656776,0,0
12.37765369,56.54932413,-3.700260162,0,0
12.67765369,55.84932413,-3.944004536,0,0
11.77765369,55.74932413,-3.523311377,0,0
11.37765369,57.14932413,-3.253704309,0,0
11.37765369,54.44932413,-3.356224298,0,0
12.27765369,56.64932413,-4.302856922,0,0
14.77765369,54.64932413,-3.875787497,0,0
10.77765369,55.84932413,-3.154659986,0,0
10.87765369,55.34932413,-3.246642113,0,0
10.97765369,55.44932413,-3.525888681,0,0
19.97765369,55.34932413,-3.626696348,0,0
10.47765369,55.64932413,-3.280606031,0,0
12.17765369,56.34932413,-3.332962513,0,0
12.07765369,56.44932413,-4.162887573,0,0
12.47765369,56.64932413,-3.739399195,0,0
11.87765369,54.34932413,-3.564057827,0,0
12.27765369,56.34932413,-3.820737839,0,0
14.77765369,55.54932413,-4.095335007,0,0
12.27765369,56.24932413,-3.531958103,0,0
10.77765369,54.64932413,-4.106965542,0,0
12.27765369,56.54932413,-3.770384073,0,0
10.77765369,57.34932413,-3.304311514,0,0
13.77765369,54.74932413,-3.538986921,0,0
10.67765369,54.64932413,-3.475177288,0,0
18.27765369,55.24932413,-3.575150251,0,0
10.57765369,55.54932413,-3.290191174,0,0
11.07765369,56.24932413,-3.680876732,0,0
20.07765369,55.04932413,-3.35215807,0,0
11.17765369,57.44932413,-3.101084709,0,0
12.37765369,56.34932413,-3.434208393,0,0
19.87765369,55.44932413,-4.13424921,0,0
19.77765369,55.64932413,-4.26069212,0,0
10.77765369,57.54932413,-3.745149612,0,0
11.87765369,54.24932413,-3.765088081,0,0
10.77765369,55.54932413,-3.207661152,0,0
19.97765369,55.14932413,-4.150146961,0,0
14.67765369,55.54932413,-4.012626648,0,0
10.87765369,55.64932413,-3.069475174,0,0
11.17765369,57.34932413,-2.836906672,0,0
15.87765369,54.64932413,-3.710688114,0,0
19.87765369,55.34932413,-3.910887718,0,0
18.37765369,55.24932413,-3.838834524,0,0
19.97765369,55.04932413,-3.411874771,0,0
11.07765369,55.54932413,-2.950120687,0,0
16.27765369,55.74932413,-4.155360222,0,0
14.77765369,55.34932413,-3.84283638,0,0
19.77765369,55.84932413,-3.44281888,0,0
19.87765369,55.24932413,-3.650790453,0,0
19.37765369,54.44932413,-4.015789986,0,0
18.77765369,54.54932413,-3.908692598,0,0
19.87765369,55.14932413,-4.059525013,0,0
19.77765369,56.24932413,-3.475521803,0,0
19.87765369,55.04932413,-3.419891596,0,0
18.47765369,55.64932413,-4.036333561,0,0
18.07765369,55.34932413,-4.108559132,0,0
18.47765369,55.24932413,-3.929397583,0,0
19.77765369,55.04932413,-3.650413275,0,0
19.77765369,55.34932413,-4.245058537,0,0
19.77765369,55.24932413,-3.955819368,0,0
19.47765369,55.24932413,-4.308696747,0,0
19.67765369,55.64932413,-4.046459675,0,0
10.67765369,57.24932413,-3.24822855,0,0
19.67765369,55.54932413,-4.086751938,0,0
19.47765369,55.34932413,-4.283791065,0,0
19.67765369,55.44932413,-4.261991024,0,0
18.37765369,55.14932413,-3.857208729,0,0
19.37765369,55.44932413,-4.209302425,0,0
19.57765369,55.34932413,-4.324441433,0,0
19.27765369,55.54932413,-3.999827147,0,0
20.17765369,56.34932413,-3.534954786,0,0
20.07765369,56.44932413,-3.992944717,0,0
18.67765369,55.64932413,-3.757214546,0,0
18.77765369,55.64932413,-3.765382528,0,0
19.17765369,55.64932413,-3.886920691,0,0
19.57765369,55.44932413,-4.298772812,0,0
19.87765369,56.24932413,-3.336295366,0,0
19.97765369,56.44932413,-3.955364704,0,0
19.47765369,55.44932413,-4.29031992,0,0
18.47765369,55.74932413,-4.298141956,0,0
19.57765369,55.64932413,-4.034847736,0,0
10.77765369,57.44932413,-3.635462284,0,0
19.57765369,55.54932413,-4.037056446,0,0
17.67765369,55.84932413,-3.654839277,0,0
13.27765369,54.94932413,-3.314164877,0,0
17.87765369,55.64932413,-4.09549427,0,0
15.77765369,54.64932413,-3.805182695,0,0
15.57765369,54.64932413,-4.083923817,0,0
10.67765369,57.34932413,-3.38949132,0,0
15.67765369,54.64932413,-4.168693542,0,0
19.47765369,55.54932413,-4.054591179,0,0
10.67765369,57.54932413,-3.433915377,0,0
17.87765369,55.74932413,-3.980912447,0,0
19.97765369,56.04932413,-3.239037514,0,0
19.87765369,55.94932413,-3.468142509,0,0
18.57765369,55.74932413,-3.967648268,0,0
19.67765369,54.54932413,-3.667161942,0,0
19.97765369,56.24932413,-3.241254568,0,0
19.87765369,56.34932413,-3.774125099,0,0
19.87765369,56.44932413,-4.192554951,0,0
20.07765369,56.34932413,-3.511520863,0,0
20.07765369,56.24932413,-3.077859879,0,0
19.97765369,56.34932413,-3.537800074,0,0
17.77765369,55.74932413,-3.705410242,0,0
10.57765369,57.54932413,-3.108505011,0,0
18.47765369,55.14932413,-3.932607174,0,0
17.97765369,55.84932413,-3.790130615,0,0
15.87765369,54.74932413,-3.798140049,0,0
11.57765369,54.14932413,-3.889986277,0,0
12.27765369,56.14932413,-3.855502367,0,0
16.87765369,56.34932413,-3.898504734,0,0
11.47765369,54.14932413,-4.160979271,0,0
15.07765369,55.24932413,-3.402879238,0,0
18.87765369,55.74932413,-3.852524519,0,0
12.57765369,56.34932413,-3.663225889,0,0
18.67765369,55.74932413,-3.95004034,0,0
15.27765369,54.64932413,-4.177329063,0,0
18.57765369,55.84932413,-4.161623001,0,0
18.77765369,55.74932413,-3.798381567,0,0
10.87765369,57.44932413,-3.66442585,0,0
11.07765369,57.44932413,-3.268074036,0,0
10.67765369,57.44932413,-3.566701889,0,0
17.87765369,55.84932413,-3.884466171,0,0
17.97765369,55.74932413,-4.07875824,0,0
17.97765369,55.94932413,-3.667397261,0,0
19.17765369,55.84932413,-3.827977419,0,0
13.37765369,55.14932413,-3.328843355,0,0
17.77765369,55.84932413,-3.758770466,0,0
18.67765369,55.84932413,-4.128423214,0,0
18.87765369,55.84932413,-3.890512466,0,0
12.47765369,56.34932413,-4.180677891,0,0
18.77765369,55.84932413,-4.033763885,0,0
17.87765369,56.04932413,-3.538587332,0,0
16.17765369,55.74932413,-3.671968699,0,0
17.77765369,55.94932413,-3.854838848,0,0
17.77765369,56.04932413,-3.69127655,0,0
17.87765369,55.94932413,-3.865452528,0,0
10.97765369,57.44932413,-3.65030098,0,0
19.47765369,54.44932413,-3.792899609,0,0
18.67765369,56.14932413,-4.330913544,0,0
16.07765369,55.74932413,-3.784399748,0,0
12.77765369,55.74932413,-3.470221996,0,0
12.97765369,55.64932413,-3.580324411,0,0
